2458871.1824058727 0.000046 0.029789 0.004360 1 2
2458871.1823978843 0.000061 0.038187 0.004264 1 2
2458871.1824588603 0.000061 0.035083 0.003560 1 2
2458871.1825199025 0.000061 0.039586 0.003196 1 2
2458871.1825808780 0.000061 0.039489 0.003740 1 2
2458871.1826418536 0.000061 0.039331 0.003474 1 2
2458871.1827028957 0.000061 0.035582 0.003374 1 2
2458871.1827638713 0.000061 0.039493 0.002834 1 2
2458871.1828249139 0.000061 0.039141 0.002441 1 2
2458871.1828858894 0.000061 0.034281 0.002653 1 2
2458871.1829469316 0.000061 0.039611 0.002709 1 2
2458871.1830079071 0.000061 0.041569 0.003005 1 2
2458871.1830688827 0.000061 0.038948 0.002840 1 2
2458871.1831299248 0.000061 0.040250 0.002893 1 2
2458871.1831909008 0.000061 0.042485 0.002907 1 2
2458871.1832509446 0.000061 0.036872 0.002941 1 2
2458871.1833119201 0.000061 0.036772 0.002731 1 2
2458871.1833729623 0.000061 0.034040 0.002829 1 2
2458871.1834339378 0.000061 0.041101 0.002689 1 2
2458871.1834949134 0.000061 0.033646 0.002434 1 2
2458871.1835559555 0.000061 0.040579 0.002539 1 2
2458871.1836169316 0.000061 0.037107 0.002180 1 2
2458871.1836779737 0.000061 0.040371 0.002322 1 2
2458871.1837389492 0.000061 0.038548 0.002184 1 2
2458871.1837999914 0.000061 0.039562 0.002467 1 2
2458871.1838609669 0.000061 0.042097 0.002630 1 2
2458871.1839219430 0.000061 0.035397 0.002396 1 2
2458871.1839829851 0.000061 0.039927 0.002760 1 2
2458871.1840439606 0.000061 0.039264 0.002593 1 2
2458871.1841050028 0.000061 0.039037 0.002327 1 2
2458871.1841659783 0.000061 0.040594 0.002319 1 2
2458871.1842270205 0.000061 0.031028 0.002246 1 2
2458871.1842879965 0.000061 0.035913 0.002183 1 2
2458871.1843489720 0.000061 0.036788 0.002215 1 2
2458871.1844090158 0.000061 0.040845 0.002348 1 2
2458871.1844699914 0.000061 0.039901 0.002490 1 2
2458871.1845310335 0.000061 0.032033 0.002304 1 2
2458871.1845920091 0.000061 0.035182 0.002226 1 2
2458871.1846529846 0.000061 0.039089 0.002256 1 2
2458871.1847140272 0.000061 0.041454 0.002213 1 2
2458871.1847750028 0.000061 0.041326 0.002391 1 2
2458871.1848360449 0.000061 0.037301 0.002411 1 2
2458871.1848970205 0.000061 0.038318 0.002824 1 2
2458871.1849580626 0.000061 0.041330 0.002653 1 2
2458871.1850190386 0.000061 0.037891 0.002598 1 2
2458871.1850800142 0.000061 0.041485 0.002825 1 2
2458871.1851410563 0.000061 0.036904 0.002922 1 2
2458871.1852020319 0.000061 0.041882 0.002681 1 2
2458871.1852630740 0.000061 0.032560 0.002829 1 2
2458871.1853240496 0.000061 0.037713 0.002865 1 2
2458871.1853850922 0.000061 0.047121 0.002745 1 2
2458871.1854460677 0.000061 0.035750 0.003278 1 2
2458871.1855070433 0.000061 0.041567 0.002674 1 2
2458871.1855670870 0.000061 0.029754 0.002620 1 2
2458871.1856280626 0.000061 0.034280 0.002564 1 2
2458871.1856891047 0.000061 0.032651 0.002450 1 2
2458871.1857500803 0.000061 0.039114 0.002444 1 2
2458871.1858111229 0.000061 0.038721 0.002385 1 2
2458871.1858720984 0.000061 0.039381 0.002273 1 2
2458871.1859330740 0.000061 0.036327 0.002401 1 2
2458871.1859941161 0.000061 0.037902 0.002513 1 2
2458871.1860550917 0.000061 0.038579 0.002553 1 2
2458871.1861161338 0.000061 0.033932 0.002449 1 2
2458871.1861771098 0.000061 0.038832 0.002486 1 2
2458871.1862381520 0.000061 0.037242 0.002166 1 2
2458871.1862991275 0.000061 0.035083 0.002259 1 2
2458871.1863601031 0.000061 0.036521 0.002443 1 2
2458871.1864211452 0.000061 0.036023 0.003021 1 2
2458871.1864821212 0.000061 0.032120 0.002822 1 2
2458871.1865431634 0.000061 0.028290 0.002739 1 2
2458871.1866041389 0.000061 0.035858 0.003230 1 2
2458871.1866651811 0.000061 0.038482 0.002892 1 2
2458871.1867261566 0.000061 0.038785 0.002309 1 2
2458871.1867861338 0.000061 0.034540 0.002816 1 2
2458871.1868471759 0.000061 0.037532 0.002591 1 2
2458871.1869081520 0.000061 0.036839 0.002710 1 2
2458871.1869691941 0.000061 0.035704 0.002667 1 2
2458871.1870301696 0.000061 0.036338 0.002840 1 2
2458871.1870911452 0.000061 0.033061 0.002627 1 2
2458871.1871521873 0.000061 0.037246 0.002313 1 2
2458871.1872131629 0.000061 0.038474 0.002093 1 2
2458871.1872742055 0.000061 0.037270 0.002412 1 2
2458871.1873351811 0.000061 0.035869 0.002193 1 2
2458871.1873962232 0.000061 0.035043 0.002225 1 2
2458871.1874571987 0.000061 0.037468 0.002088 1 2
2458871.1875181743 0.000061 0.031725 0.002301 1 2
2458871.1875792164 0.000061 0.037437 0.002172 1 2
2458871.1876401925 0.000061 0.033311 0.002049 1 2
2458871.1877012346 0.000061 0.035315 0.002060 1 2
2458871.1877622101 0.000061 0.035388 0.001964 1 2
2458871.1878232523 0.000061 0.036422 0.002231 1 2
2458871.1878842278 0.000061 0.031048 0.002108 1 2
2458871.1879442050 0.000061 0.037972 0.002437 1 2
2458871.1880052472 0.000061 0.032737 0.002101 1 2
2458871.1880662232 0.000061 0.030621 0.002111 1 2
2458871.1881272653 0.000061 0.033895 0.002145 1 2
2458871.1881882409 0.000061 0.032911 0.002294 1 2
2458871.1882492830 0.000061 0.039259 0.002372 1 2
2458871.1883102586 0.000061 0.037987 0.002332 1 2
2458871.1883712346 0.000061 0.032379 0.002290 1 2
2458871.1884322767 0.000061 0.033674 0.002490 1 2
2458871.1884932523 0.000061 0.035283 0.002455 1 2
2458871.1885542944 0.000061 0.032189 0.002344 1 2
2458871.1886152700 0.000061 0.031745 0.002246 1 2
2458871.1886763121 0.000061 0.034398 0.002576 1 2
2458871.1887372881 0.000061 0.030711 0.002521 1 2
2458871.1887982637 0.000061 0.028674 0.002466 1 2
2458871.1888593058 0.000061 0.030993 0.002248 1 2
2458871.1889202814 0.000061 0.030879 0.002680 1 2
2458871.1889813235 0.000061 0.032779 0.002504 1 2
2458871.1890422995 0.000061 0.032876 0.002387 1 2
2458871.1891032751 0.000061 0.030327 0.002359 1 2
2458871.1891633188 0.000061 0.028056 0.002517 1 2
2458871.1892242944 0.000061 0.030476 0.002501 1 2
2458871.1892853365 0.000061 0.030019 0.002555 1 2
2458871.1893463121 0.000061 0.024959 0.002593 1 2
2458871.1894073542 0.000061 0.031588 0.002775 1 2
2458871.1894683302 0.000061 0.029939 0.002864 1 2
2458871.1895293058 0.000061 0.028488 0.002613 1 2
2458871.1895903479 0.000061 0.033390 0.002653 1 2
2458871.1896513235 0.000061 0.029954 0.002405 1 2
2458871.1897123656 0.000061 0.030813 0.002438 1 2
2458871.1897733412 0.000061 0.031920 0.002407 1 2
2458871.1898343838 0.000061 0.028119 0.002159 1 2
2458871.1898953593 0.000061 0.033693 0.002540 1 2
2458871.1899563349 0.000061 0.027698 0.002521 1 2
2458871.1900173770 0.000061 0.032169 0.002734 1 2
2458871.1900783526 0.000061 0.030875 0.002317 1 2
2458871.1901393947 0.000061 0.032941 0.002208 1 2
2458871.1902003707 0.000061 0.033637 0.002153 1 2
2458871.1902614129 0.000061 0.033909 0.002309 1 2
2458871.1903213901 0.000061 0.025782 0.002183 1 2
2458871.1903823656 0.000061 0.035890 0.002398 1 2
2458871.1904434077 0.000061 0.038201 0.002604 1 2
2458871.1905043833 0.000061 0.034771 0.002294 1 2
2458871.1905654254 0.000061 0.033356 0.002144 1 2
2458871.1906264015 0.000061 0.030756 0.002129 1 2
2458871.1906874436 0.000061 0.036184 0.002402 1 2
2458871.1907484191 0.000061 0.039397 0.002337 1 2
2458871.1908093947 0.000061 0.026623 0.002475 1 2
2458871.1908704368 0.000061 0.030684 0.002294 1 2
2458871.1909314129 0.000061 0.031375 0.002498 1 2
2458871.1909924550 0.000061 0.033330 0.002546 1 2
2458871.1910534305 0.000061 0.040283 0.002737 1 2
2458871.1911144727 0.000061 0.036624 0.002731 1 2
2458871.1911754482 0.000061 0.028690 0.002292 1 2
2458871.1912364238 0.000061 0.033582 0.002379 1 2
2458871.1912974664 0.000061 0.039301 0.002448 1 2
2458871.1913584420 0.000061 0.036600 0.002582 1 2
2458871.1914194841 0.000061 0.023943 0.002704 1 2
2458871.1914804596 0.000061 0.035858 0.002567 1 2
2458871.1915404368 0.000061 0.039919 0.002609 1 2
2458871.1916014790 0.000061 0.038179 0.002991 1 2
2458871.1916624545 0.000061 0.034693 0.002967 1 2
2458871.1917234971 0.000061 0.032041 0.002849 1 2
2458871.1917844727 0.000061 0.035026 0.002369 1 2
2458871.1918455148 0.000061 0.035602 0.002687 1 2
2458871.1919064904 0.000061 0.033085 0.002458 1 2
2458871.1919674659 0.000061 0.035655 0.002709 1 2
2458871.1920285085 0.000061 0.039996 0.002311 1 2
2458871.1920894841 0.000061 0.037802 0.002879 1 2
2458871.1921505262 0.000061 0.035713 0.002741 1 2
2458871.1922115018 0.000061 0.027547 0.002863 1 2
2458871.1922725439 0.000061 0.033140 0.002864 1 2
2458871.1923335195 0.000061 0.038741 0.002707 1 2
2458871.1923944955 0.000061 0.038747 0.002658 1 2
2458871.1924555376 0.000061 0.040055 0.002708 1 2
2458871.1925165132 0.000061 0.031758 0.002370 1 2
2458871.1925775553 0.000061 0.033395 0.002611 1 2
2458871.1926385309 0.000061 0.034177 0.002721 1 2
2458871.1926985746 0.000061 0.035081 0.002965 1 2
2458871.1927595502 0.000061 0.034903 0.002688 1 2
2458871.1928205262 0.000061 0.036078 0.002716 1 2
2458871.1928815683 0.000061 0.035949 0.002641 1 2
2458871.1929425439 0.000061 0.032970 0.002615 1 2
2458871.1930035860 0.000061 0.034116 0.002430 1 2
2458871.1930645616 0.000061 0.024468 0.002359 1 2
2458871.1931256037 0.000061 0.015553 0.002212 1 2
2458871.1931865797 0.000061 0.009103 0.002384 1 2
2458871.1932475553 0.000061 0.004135 0.002256 1 2
2458871.1933085974 0.000061 0.008242 0.002106 1 2
2458871.1933695730 0.000061 0.005265 0.002303 1 2
2458871.1934306151 0.000061 -0.000505 -0.002216 1 2
2458871.1934915911 0.000061 -0.002261 -0.002146 1 2
2458871.1935526333 0.000061 0.007349 0.002316 1 2
2458871.1936136088 0.000061 0.002744 0.002640 1 2
2458871.1936745844 0.000061 0.001848 0.002402 1 2
2458871.1937356265 0.000061 -0.002741 -0.002314 1 2
2458871.1937966021 0.000061 0.001218 0.002258 1 2
2458871.1938566458 0.000061 -0.002481 -0.002432 1 2
2458871.1939176219 0.000061 0.002326 0.002476 1 2
2458871.1939785974 0.000061 0.006155 0.002594 1 2
2458871.1940396396 0.000061 0.003106 0.002375 1 2
2458871.1941006151 0.000061 -0.001470 -0.002523 1 2
2458871.1941616572 0.000061 -0.002095 -0.002740 1 2
2458871.1942226328 0.000061 -0.001020 -0.003076 1 2
2458871.1942836754 0.000061 0.000835 0.003002 1 2
2458871.1943446510 0.000061 0.002751 0.002966 1 2
2458871.1944056265 0.000061 0.001490 0.002519 1 2
2458871.1944666686 0.000061 0.003726 0.002465 1 2
2458871.1945276442 0.000061 0.005094 0.002518 1 2
2458871.1945886863 0.000061 -0.005866 -0.003539 1 2
2458871.1946496624 0.000061 -0.004675 -0.002685 1 2
2458871.1947107045 0.000061 0.000696 0.002684 1 2
2458871.1947716800 0.000061 -0.003003 -0.002386 1 2
2458871.1948326556 0.000061 -0.000022 -0.002264 1 2
2458871.1948936977 0.000061 -0.001753 -0.002183 1 2
2458871.1949546738 0.000061 -0.000285 -0.002302 1 2
2458871.1950157159 0.000061 -0.004405 -0.003344 1 2
2458871.1950756931 0.000061 0.000368 0.002074 1 2
2458871.1951367352 0.000061 -0.000738 -0.002278 1 2
2458871.1951977108 0.000061 -0.004486 -0.002844 1 2
2458871.1952586863 0.000061 -0.002027 -0.002945 1 2
2458871.1953197285 0.000061 0.001178 0.002916 1 2
2458871.1953807045 0.000061 0.006977 0.002059 1 2
2458871.1954417466 0.000061 0.004815 0.001918 1 2
2458871.1955027222 0.000061 0.013205 0.002096 1 2
2458871.1955637643 0.000061 0.010802 0.002095 1 2
2458871.1956247399 0.000061 0.016293 0.002290 1 2
2458871.1956857154 0.000061 0.024081 0.002323 1 2
2458871.1957467580 0.000061 0.033155 0.002261 1 2
2458871.1958077336 0.000061 0.036030 0.002905 1 2
2458871.1958687757 0.000061 0.032162 0.002503 1 2
2458871.1959297513 0.000061 0.030669 0.002454 1 2
2458871.1959907268 0.000061 0.027632 0.002586 1 2
2458871.1960517694 0.000061 0.025443 0.002538 1 2
2458871.1961127450 0.000061 0.027323 0.002614 1 2
2458871.1961737871 0.000061 0.029543 0.002444 1 2
2458871.1962337643 0.000061 0.026886 0.002679 1 2
2458871.1962948064 0.000061 0.034682 0.002535 1 2
2458871.1963557820 0.000061 0.030868 0.002215 1 2
2458871.1964167575 0.000061 0.035620 0.001901 1 2
2458871.1964778001 0.000061 0.031627 0.002044 1 2
2458871.1965387757 0.000061 0.029644 0.002053 1 2
2458871.1965998178 0.000061 0.029959 0.002219 1 2
2458871.1966607934 0.000061 0.032332 0.002427 1 2
2458871.1967218355 0.000061 0.028295 0.002497 1 2
2458871.1967828111 0.000061 0.027931 0.002221 1 2
2458871.1968437871 0.000061 0.030116 0.002478 1 2
2458871.1969048292 0.000061 0.033006 0.002459 1 2
2458871.1969658048 0.000061 0.031914 0.002152 1 2
2458871.1970268469 0.000061 0.039548 0.002317 1 2
2458871.1970878225 0.000061 0.030584 0.002258 1 2
2458871.1971488646 0.000061 0.030893 0.002262 1 2
2458871.1972098406 0.000061 0.034227 0.002046 1 2
2458871.1972708162 0.000061 0.031146 0.002393 1 2
2458871.1973318583 0.000061 0.031214 0.002262 1 2
2458871.1973928339 0.000061 0.031703 0.002419 1 2
2458871.1974528776 0.000061 0.030960 0.002429 1 2
2458871.1975138532 0.000061 0.025572 0.002378 1 2
2458871.1975748953 0.000061 0.031862 0.002717 1 2
2458871.1976358714 0.000061 0.036623 0.002083 1 2
2458871.1976968469 0.000061 0.034076 0.002077 1 2
2458871.1977578891 0.000061 0.036466 0.001861 1 2
2458871.1978188646 0.000061 0.033287 0.002183 1 2
2458871.1978799067 0.000061 0.032105 0.001975 1 2
2458871.1979408828 0.000061 0.037885 0.002124 1 2
2458871.1980018583 0.000061 0.035955 0.002126 1 2
2458871.1980629005 0.000061 0.034927 0.002076 1 2
2458871.1981238760 0.000061 0.036027 0.001945 1 2
2458871.1981849181 0.000061 0.032408 0.001968 1 2
2458871.1982458937 0.000061 0.032385 0.001910 1 2
2458871.1983069363 0.000061 0.036450 0.002135 1 2
2458871.1983679119 0.000061 0.029304 0.002225 1 2
2458871.1984288874 0.000061 0.034150 0.002374 1 2
2458871.1984899295 0.000061 0.034569 0.002273 1 2
2458871.1985509051 0.000061 0.034639 0.002120 1 2
2458871.1986109489 0.000061 0.030752 0.002056 1 2
2458871.1986719244 0.000061 0.031231 0.002199 1 2
2458871.1987329670 0.000061 0.034651 0.002139 1 2
2458871.1987939426 0.000061 0.035703 0.002166 1 2
2458871.1988549181 0.000061 0.033197 0.002192 1 2
2458871.1989159603 0.000061 0.038466 0.002106 1 2
2458871.1989769358 0.000061 0.031465 0.001945 1 2
2458871.1990379780 0.000061 0.034568 0.001839 1 2
2458871.1990989540 0.000061 0.037637 0.001799 1 2
2458871.1991599961 0.000061 0.033248 0.001828 1 2
2458871.1992209717 0.000061 0.037424 0.001811 1 2
2458871.1992819472 0.000061 0.038825 0.001716 1 2
2458871.1993429894 0.000061 0.035173 0.001634 1 2
2458871.1994039654 0.000061 0.034107 0.001713 1 2
2458871.1994650075 0.000061 0.036154 0.001749 1 2
2458871.1995259831 0.000061 0.037509 0.001652 1 2
2458871.1995870252 0.000061 0.035030 0.001717 1 2
2458871.1996480008 0.000061 0.036087 0.001728 1 2
2458871.1997089768 0.000061 0.035784 0.001778 1 2
2458871.1997700189 0.000061 0.034930 0.001952 1 2
2458871.1998299961 0.000061 0.034738 0.001866 1 2
2458871.1998910382 0.000061 0.038658 0.001959 1 2
2458871.1999520138 0.000061 0.037157 0.001826 1 2
2458871.2000129893 0.000061 0.037323 0.001840 1 2
2458871.2000740315 0.000061 0.033150 0.001803 1 2
2458871.2001350070 0.000061 0.037424 0.001762 1 2
2458871.2001960496 0.000061 0.033138 0.001670 1 2
2458871.2002570252 0.000061 0.032408 0.001734 1 2
2458871.2003180673 0.000061 0.036123 0.001730 1 2
2458871.2003790429 0.000061 0.031062 0.001655 1 2
2458871.2004400184 0.000061 0.033413 0.001757 1 2
2458871.2005010610 0.000061 0.032041 0.001614 1 2
2458871.2005620366 0.000061 0.033986 0.001744 1 2
2458871.2006230787 0.000061 0.032456 0.001813 1 2
2458871.2006840543 0.000061 0.030543 0.001623 1 2
2458871.2007450964 0.000061 0.032627 0.001689 1 2
2458871.2008060720 0.000061 0.032498 0.001604 1 2
2458871.2008670480 0.000061 0.036182 0.001737 1 2
2458871.2009280901 0.000061 0.038378 0.001808 1 2
2458871.2009880673 0.000061 0.040328 0.001952 1 2
2458871.2010491095 0.000061 0.034231 0.001673 1 2
2458871.2011100850 0.000061 0.031974 0.001762 1 2
2458871.2011711271 0.000061 0.034848 0.001680 1 2
2458871.2012321027 0.000061 0.035885 0.001756 1 2
2458871.2012930787 0.000061 0.036891 0.001791 1 2
2458871.2013541209 0.000061 0.036220 0.001745 1 2
2458871.2014150964 0.000061 0.033902 0.001778 1 2
2458871.2014761386 0.000061 0.032971 0.001673 1 2
2458871.2015371141 0.000061 0.031242 0.001717 1 2
2458871.2015981562 0.000061 0.033440 0.001778 1 2
2458871.2016591323 0.000061 0.034073 0.001698 1 2
2458871.2017201078 0.000061 0.034895 0.001713 1 2
2458871.2017811500 0.000061 0.029552 0.001683 1 2
2458871.2018421255 0.000061 0.029107 0.001778 1 2
2458871.2019031676 0.000061 0.035804 0.001716 1 2
2458871.2019641437 0.000061 0.034872 0.001730 1 2
2458871.2020251858 0.000061 0.030631 0.001699 1 2
2458871.2020861614 0.000061 0.030823 0.001811 1 2
2458871.2021461385 0.000061 0.029052 0.001609 1 2
2458871.2022071807 0.000061 0.030625 0.001580 1 2
2458871.2022681562 0.000061 0.033056 0.001731 1 2
2458871.2023291984 0.000061 0.031099 0.001804 1 2
2458871.2023901744 0.000061 0.033498 0.001904 1 2
2458871.2024511499 0.000061 0.034085 0.001921 1 2
2458871.2025121921 0.000061 0.031490 0.001701 1 2
2458871.2025731676 0.000061 0.030184 0.001790 1 2
2458871.2026342098 0.000061 0.031434 0.001627 1 2
2458871.2026951853 0.000061 0.033177 0.001776 1 2
2458871.2027562279 0.000061 0.027955 0.001655 1 2
2458871.2028172035 0.000061 0.031019 0.001576 1 2
2458871.2028781790 0.000061 0.029422 0.001615 1 2
2458871.2029392212 0.000061 0.031794 0.001715 1 2
2458871.2030001967 0.000061 0.030138 0.001621 1 2
2458871.2030612393 0.000061 0.031720 0.001613 1 2
2458871.2031222149 0.000061 0.034706 0.001695 1 2
2458871.2031832570 0.000061 0.030146 0.001652 1 2
2458871.2032442326 0.000061 0.034141 0.001785 1 2
2458871.2033052081 0.000061 0.033022 0.001836 1 2
2458871.2033652519 0.000061 0.034082 0.001680 1 2
2458871.2034262274 0.000061 0.033811 0.001645 1 2
2458871.2034872700 0.000061 0.033243 0.001552 1 2
2458871.2035482456 0.000061 0.032598 0.001631 1 2
2458871.2036092877 0.000061 0.035720 0.001617 1 2
2458871.2036702633 0.000061 0.030841 0.001570 1 2
2458871.2037312388 0.000061 0.033118 0.001637 1 2
2458871.2037922810 0.000061 0.033051 0.001672 1 2
2458871.2038532570 0.000061 0.035457 0.001668 1 2
2458871.2039142991 0.000061 0.034093 0.001547 1 2
2458871.2039752747 0.000061 0.033992 0.001664 1 2
2458871.2040363168 0.000061 0.029871 0.001733 1 2
2458871.2040972924 0.000061 0.031908 0.001649 1 2
2458871.2041582684 0.000061 0.033573 0.001781 1 2
2458871.2042193105 0.000061 0.035117 0.001789 1 2
2458871.2042802861 0.000061 0.033716 0.001708 1 2
2458871.2043413282 0.000061 0.029467 0.001594 1 2
2458871.2044023038 0.000061 0.031967 0.001468 1 2
2458871.2044633459 0.000061 0.033269 0.001702 1 2
2458871.2045233231 0.000061 0.033199 0.001701 1 2
2458871.2045842987 0.000061 0.034047 0.001645 1 2
2458871.2046453413 0.000061 0.030594 0.001635 1 2
2458871.2047063168 0.000061 0.029853 0.001618 1 2
2458871.2047673590 0.000061 0.028546 0.001561 1 2
2458871.2048283345 0.000061 0.029053 0.001549 1 2
2458871.2048893101 0.000061 0.027968 0.001464 1 2
2458871.2049503527 0.000061 0.031953 0.001560 1 2
2458871.2050113282 0.000061 0.027826 0.001605 1 2
2458871.2050723704 0.000061 0.028556 0.001652 1 2
2458871.2051333459 0.000061 0.032043 0.001586 1 2
2458871.2051943881 0.000061 0.029836 0.001628 1 2
2458871.2052553636 0.000061 0.029695 0.001600 1 2
2458871.2053163396 0.000061 0.030623 0.001738 1 2
2458871.2053773818 0.000061 0.031301 0.001654 1 2
2458871.2054383573 0.000061 0.030198 0.001768 1 2
2458871.2054993995 0.000061 0.026107 0.001507 1 2
2458871.2055603750 0.000061 0.029013 0.001563 1 2
2458871.2056214176 0.000061 0.028617 0.001723 1 2
2458871.2056823932 0.000061 0.027023 0.001666 1 2
2458871.2057423703 0.000061 0.027919 0.001640 1 2
2458871.2058034125 0.000061 0.023767 0.001631 1 2
2458871.2058643880 0.000061 0.027452 0.001647 1 2
2458871.2059254302 0.000061 0.026936 0.001648 1 2
2458871.2059864057 0.000061 0.026804 0.001689 1 2
2458871.2060474479 0.000061 0.027180 0.001531 1 2
2458871.2061084239 0.000061 0.024193 0.001520 1 2
2458871.2061693994 0.000061 0.026687 0.001552 1 2
2458871.2062304416 0.000061 0.028140 0.001546 1 2
2458871.2062914171 0.000061 0.029977 0.001605 1 2
2458871.2063524593 0.000061 0.028064 0.001523 1 2
2458871.2064134353 0.000061 0.023005 0.001513 1 2
2458871.2064744774 0.000061 0.026675 0.001515 1 2
2458871.2065354530 0.000061 0.027486 0.001502 1 2
2458871.2065964285 0.000061 0.025999 0.001541 1 2
2458871.2066574707 0.000061 0.029648 0.001622 1 2
2458871.2067184467 0.000061 0.028002 0.001438 1 2
2458871.2067794888 0.000061 0.025797 0.001570 1 2
2458871.2068404644 0.000061 0.025688 0.001534 1 2
2458871.2069004416 0.000061 0.024043 0.001453 1 2
2458871.2069614837 0.000061 0.026793 0.001464 1 2
2458871.2070224592 0.000061 0.025896 0.001589 1 2
2458871.2070835014 0.000061 0.030348 0.001524 1 2
2458871.2071444769 0.000061 0.024692 0.001395 1 2
2458871.2072055195 0.000061 0.027964 0.001398 1 2
2458871.2072664951 0.000061 0.026444 0.001468 1 2
2458871.2073274706 0.000061 0.030201 0.001498 1 2
2458871.2073885128 0.000061 0.026696 0.001520 1 2
2458871.2074494883 0.000061 0.029627 0.001559 1 2
2458871.2075105309 0.000061 0.028185 0.001519 1 2
2458871.2075715065 0.000061 0.026993 0.001510 1 2
2458871.2076325486 0.000061 0.025744 0.001536 1 2
2458871.2076935242 0.000061 0.028562 0.001650 1 2
2458871.2077544997 0.000061 0.026331 0.001716 1 2
2458871.2078155419 0.000061 0.026215 0.001583 1 2
2458871.2078765179 0.000061 0.022868 0.001492 1 2
2458871.2079375600 0.000061 0.026993 0.001473 1 2
2458871.2079985356 0.000061 0.028219 0.001486 1 2
2458871.2080595777 0.000061 0.026649 0.001493 1 2
2458871.2081195549 0.000061 0.029921 0.001495 1 2
2458871.2081805305 0.000061 0.027634 0.001473 1 2
2458871.2082415726 0.000061 0.029050 0.001407 1 2
2458871.2083025486 0.000061 0.027670 0.001373 1 2
2458871.2083635908 0.000061 0.029991 0.001440 1 2
2458871.2084245663 0.000061 0.027864 0.001468 1 2
2458871.2084856085 0.000061 0.027719 0.001457 1 2
2458871.2085465840 0.000061 0.030602 0.001483 1 2
2458871.2086075600 0.000061 0.028951 0.001497 1 2
2458871.2086686022 0.000061 0.032974 0.001519 1 2
2458871.2087295777 0.000061 0.028573 0.001462 1 2
2458871.2087906199 0.000061 0.032800 0.001569 1 2
2458871.2088515954 0.000061 0.029958 0.001501 1 2
2458871.2089126376 0.000061 0.029771 0.001501 1 2
2458871.2089736136 0.000061 0.028637 0.001357 1 2
2458871.2090345891 0.000061 0.032167 0.001562 1 2
2458871.2090956313 0.000061 0.027603 0.001413 1 2
2458871.2091566068 0.000061 0.031198 0.001530 1 2
2458871.2092176490 0.000061 0.032014 0.001553 1 2
2458871.2092776261 0.000061 0.028944 0.001502 1 2
2458871.2093386017 0.000061 0.027774 0.001429 1 2
2458871.2093996443 0.000061 0.027347 0.001475 1 2
2458871.2094606198 0.000061 0.030821 0.001432 1 2
2458871.2095216620 0.000061 0.029736 0.001456 1 2
2458871.2095826375 0.000061 0.027717 0.001379 1 2
2458871.2096436797 0.000061 0.027142 0.001348 1 2
2458871.2097046552 0.000061 0.031305 0.001553 1 2
2458871.2097656312 0.000061 0.027711 0.001448 1 2
2458871.2098266734 0.000061 0.029002 0.001406 1 2
2458871.2098876489 0.000061 0.028482 0.001493 1 2
2458871.2099486911 0.000061 0.027465 0.001456 1 2
2458871.2100096666 0.000061 0.025996 0.001361 1 2
2458871.2100707092 0.000061 0.028775 0.001340 1 2
2458871.2101316848 0.000061 0.025713 0.001491 1 2
2458871.2101926603 0.000061 0.028045 0.001418 1 2
2458871.2102537025 0.000061 0.031498 0.001493 1 2
2458871.2103146780 0.000061 0.027272 0.001450 1 2
2458871.2103757202 0.000061 0.028928 0.001566 1 2
2458871.2104356973 0.000061 0.028687 0.001439 1 2
2458871.2104967395 0.000061 0.027947 0.001417 1 2
2458871.2105577155 0.000061 0.030732 0.001449 1 2
2458871.2106186911 0.000061 0.029111 0.001524 1 2
2458871.2106797332 0.000061 0.028714 0.001651 1 2
2458871.2107407087 0.000061 0.029790 0.001753 1 2
2458871.2108017509 0.000061 0.030004 0.001404 1 2
2458871.2108627269 0.000061 0.030114 0.001516 1 2
2458871.2109237690 0.000061 0.029998 0.001436 1 2
2458871.2109847446 0.000061 0.028561 0.001391 1 2
2458871.2110457201 0.000061 0.030101 0.001498 1 2
2458871.2111067623 0.000061 0.027792 0.001360 1 2
2458871.2111677383 0.000061 0.027188 0.001435 1 2
2458871.2112287804 0.000061 0.032526 0.001483 1 2
2458871.2112897560 0.000061 0.030486 0.001575 1 2
2458871.2113507316 0.000061 0.026690 0.001489 1 2
2458871.2114117737 0.000061 0.028560 0.001425 1 2
2458871.2114727492 0.000061 0.029777 0.001447 1 2
2458871.2115337919 0.000061 0.025815 0.001382 1 2
2458871.2115947674 0.000061 0.030374 0.001541 1 2
2458871.2116548112 0.000061 0.030583 0.001722 1 2
2458871.2117157867 0.000061 0.031768 0.001505 1 2
2458871.2117767623 0.000061 0.028178 0.001407 1 2
2458871.2118378044 0.000061 0.029165 0.001435 1 2
2458871.2118987800 0.000061 0.027755 0.001421 1 2
2458871.2119598226 0.000061 0.026480 0.001379 1 2
2458871.2120207981 0.000061 0.029265 0.001454 1 2
2458871.2120818403 0.000061 0.026297 0.001450 1 2
2458871.2121428158 0.000061 0.026614 0.001421 1 2
2458871.2122037914 0.000061 0.028015 0.001424 1 2
2458871.2122648335 0.000061 0.025369 0.001322 1 2
2458871.2123258095 0.000061 0.027442 0.001485 1 2
2458871.2123868517 0.000061 0.031142 0.001440 1 2
2458871.2124478272 0.000061 0.027792 0.001415 1 2
2458871.2125088694 0.000061 0.025790 0.001453 1 2
2458871.2125698449 0.000061 0.029429 0.001340 1 2
2458871.2126308209 0.000061 0.028527 0.001387 1 2
2458871.2126918631 0.000061 0.029628 0.001421 1 2
2458871.2127528386 0.000061 0.030164 0.001456 1 2
2458871.2128128824 0.000061 0.026620 0.001406 1 2
2458871.2128738579 0.000061 0.028409 0.001491 1 2
2458871.2129349001 0.000061 0.025031 0.001436 1 2
2458871.2129958756 0.000061 0.026401 0.001391 1 2
2458871.2130568516 0.000061 0.030399 0.001469 1 2
2458871.2131178938 0.000061 0.029056 0.001398 1 2
2458871.2131788693 0.000061 0.024577 0.001358 1 2
2458871.2132399115 0.000061 0.032452 0.001490 1 2
2458871.2133008870 0.000061 0.031637 0.001494 1 2
2458871.2133619292 0.000061 0.031603 0.001490 1 2
2458871.2134229052 0.000061 0.028844 0.001412 1 2
2458871.2134838807 0.000061 0.031430 0.001472 1 2
2458871.2135449229 0.000061 0.029167 0.001451 1 2
2458871.2136058984 0.000061 0.032491 0.001445 1 2
2458871.2136669406 0.000061 0.030442 0.001536 1 2
2458871.2137279161 0.000061 0.028882 0.001395 1 2
2458871.2137889587 0.000061 0.026109 0.001423 1 2
2458871.2138499343 0.000061 0.031108 0.001404 1 2
2458871.2139109098 0.000061 0.029844 0.001398 1 2
2458871.2139719520 0.000061 0.027827 0.001282 1 2
2458871.2140319292 0.000061 0.029175 0.001259 1 2
2458871.2140929713 0.000061 0.029687 0.001316 1 2
2458871.2141539468 0.000061 0.029175 0.001429 1 2
2458871.2142149229 0.000061 0.029735 0.001485 1 2
2458871.2142759650 0.000061 0.028837 0.001422 1 2
2458871.2143369406 0.000061 0.030141 0.001379 1 2
2458871.2143979827 0.000061 0.031257 0.001378 1 2
2458871.2144589582 0.000061 0.028350 0.001370 1 2
2458871.2145200009 0.000061 0.027797 0.001336 1 2
2458871.2145809764 0.000061 0.026751 0.001313 1 2
2458871.2146419520 0.000061 0.027857 0.001361 1 2
2458871.2147029941 0.000061 0.028483 0.001341 1 2
2458871.2147639696 0.000061 0.026320 0.001371 1 2
2458871.2148250118 0.000061 0.028581 0.001333 1 2
2458871.2148859878 0.000061 0.027072 0.001346 1 2
2458871.2149470299 0.000061 0.026701 0.001346 1 2
2458871.2150080055 0.000061 0.028138 0.001432 1 2
2458871.2150689811 0.000061 0.029495 0.001441 1 2
2458871.2151300232 0.000061 0.028728 0.001507 1 2
2458871.2151900004 0.000061 0.024659 0.001412 1 2
2458871.2152510425 0.000061 0.027479 0.001346 1 2
2458871.2153120185 0.000061 0.026188 0.001421 1 2
2458871.2153730607 0.000061 0.028133 0.001471 1 2
2458871.2154340362 0.000061 0.027522 0.001499 1 2
2458871.2154950118 0.000061 0.027063 0.001472 1 2
2458871.2155560539 0.000061 0.026779 0.001501 1 2
2458871.2156170299 0.000061 0.026093 0.001445 1 2
2458871.2156780721 0.000061 0.026008 0.001367 1 2
2458871.2157390476 0.000061 0.029070 0.001443 1 2
2458871.2158000232 0.000061 0.028561 0.001364 1 2
2458871.2158610653 0.000061 0.028677 0.001442 1 2
2458871.2159220409 0.000061 0.027272 0.001311 1 2
2458871.2159830835 0.000061 0.025277 0.001248 1 2
2458871.2160440590 0.000061 0.026552 0.001416 1 2
2458871.2161051012 0.000061 0.023900 0.001323 1 2
2458871.2161660767 0.000061 0.025716 0.001382 1 2
2458871.2162270523 0.000061 0.028619 0.001333 1 2
2458871.2162880944 0.000061 0.025194 0.001333 1 2
2458871.2163480716 0.000061 0.025817 0.001351 1 2
2458871.2164091142 0.000061 0.027225 0.001228 1 2
2458871.2164700897 0.000061 0.028069 0.001288 1 2
2458871.2165311319 0.000061 0.027391 0.001442 1 2
2458871.2165921074 0.000061 0.025777 0.001378 1 2
2458871.2166530830 0.000061 0.025672 0.001350 1 2
2458871.2167141251 0.000061 0.026819 0.001367 1 2
2458871.2167751011 0.000061 0.024907 0.001296 1 2
2458871.2168361433 0.000061 0.024304 0.001450 1 2
2458871.2168971188 0.000061 0.024836 0.001453 1 2
2458871.2169581610 0.000061 0.025326 0.001334 1 2
2458871.2170191365 0.000061 0.025019 0.001280 1 2
2458871.2170801125 0.000061 0.026316 0.001443 1 2
2458871.2171411547 0.000061 0.025115 0.001282 1 2
2458871.2172021302 0.000061 0.029836 0.001367 1 2
2458871.2172631724 0.000061 0.024759 0.001306 1 2
2458871.2173241479 0.000061 0.028790 0.001435 1 2
2458871.2173851901 0.000061 0.029737 0.001447 1 2
2458871.2174461661 0.000061 0.027166 0.001275 1 2
2458871.2175071416 0.000061 0.029665 0.001384 1 2
2458871.2175671854 0.000061 0.029623 0.001462 1 2
2458871.2176281610 0.000061 0.023188 0.001350 1 2
2458871.2176892031 0.000061 0.027567 0.001615 1 2
2458871.2177501787 0.000061 0.026887 0.001348 1 2
2458871.2178112208 0.000061 0.027265 0.001332 1 2
2458871.2178721968 0.000061 0.028774 0.001307 1 2
2458871.2179331724 0.000061 0.027194 0.001332 1 2
2458871.2179942145 0.000061 0.029152 0.001412 1 2
2458871.2180551901 0.000061 0.029800 0.001281 1 2
2458871.2181162322 0.000061 0.026174 0.001234 1 2
2458871.2181772082 0.000061 0.029250 0.001453 1 2
2458871.2182381838 0.000061 0.026304 0.001320 1 2
2458871.2182992259 0.000061 0.028087 0.001390 1 2
2458871.2183602015 0.000061 0.029509 0.001369 1 2
2458871.2184212436 0.000061 0.028184 0.001390 1 2
2458871.2184822191 0.000061 0.025356 0.001362 1 2
2458871.2185432618 0.000061 0.031181 0.001398 1 2
2458871.2186042373 0.000061 0.025884 0.001361 1 2
2458871.2186652129 0.000061 0.026740 0.001374 1 2
2458871.2187252566 0.000061 0.030283 0.001436 1 2
2458871.2187862322 0.000061 0.025268 0.001352 1 2
2458871.2188472743 0.000061 0.028048 0.001381 1 2
2458871.2189082499 0.000061 0.028374 0.001462 1 2
2458871.2189692925 0.000061 0.028569 0.001441 1 2
2458871.2190302680 0.000061 0.029050 0.001427 1 2
2458871.2190912436 0.000061 0.028902 0.001411 1 2
2458871.2191522857 0.000061 0.026516 0.001306 1 2
2458871.2192132613 0.000061 0.026201 0.001377 1 2
2458871.2192743034 0.000061 0.026406 0.001465 1 2
2458871.2193352794 0.000061 0.023177 0.001343 1 2
2458871.2193963216 0.000061 0.026569 0.001316 1 2
2458871.2194572971 0.000061 0.026383 0.001348 1 2
2458871.2195182727 0.000061 0.027014 0.001291 1 2
2458871.2195793148 0.000061 0.028326 0.001358 1 2
2458871.2196402908 0.000061 0.026455 0.001298 1 2
2458871.2197013330 0.000061 0.027495 0.001348 1 2
2458871.2197623085 0.000061 0.027112 0.001307 1 2
2458871.2198233507 0.000061 0.027187 0.001367 1 2
2458871.2198843262 0.000061 0.026794 0.001412 1 2
2458871.2199443034 0.000061 0.026213 0.001418 1 2
2458871.2200053455 0.000061 0.026756 0.001365 1 2
2458871.2200663215 0.000061 0.028296 0.001349 1 2
2458871.2201273637 0.000061 0.026488 0.001402 1 2
2458871.2201883392 0.000061 0.029197 0.001369 1 2
2458871.2202493148 0.000061 0.029174 0.001394 1 2
2458871.2203103569 0.000061 0.029285 0.001352 1 2
2458871.2203713325 0.000061 0.028896 0.001324 1 2
2458871.2204323751 0.000061 0.027305 0.001316 1 2
2458871.2204933506 0.000061 0.027107 0.001495 1 2
2458871.2205543928 0.000061 0.027917 0.001496 1 2
2458871.2206153683 0.000061 0.027619 0.001438 1 2
2458871.2206763439 0.000061 0.028722 0.001405 1 2
2458871.2207373860 0.000061 0.027711 0.001398 1 2
2458871.2207983620 0.000061 0.026087 0.001379 1 2
2458871.2208594042 0.000061 0.027254 0.001412 1 2
2458871.2209203797 0.000061 0.029070 0.001488 1 2
2458871.2209814219 0.000061 0.029626 0.001373 1 2
2458871.2210423974 0.000061 0.027382 0.001477 1 2
2458871.2211023746 0.000061 0.031094 0.001382 1 2
2458871.2211634167 0.000061 0.033137 0.001601 1 2
2458871.2212243928 0.000061 0.029935 0.001396 1 2
2458871.2212854349 0.000061 0.029343 0.001387 1 2
2458871.2213464105 0.000061 0.027055 0.001283 1 2
2458871.2214074526 0.000061 0.027654 0.001329 1 2
2458871.2214684281 0.000061 0.034306 0.001356 1 2
2458871.2215294042 0.000061 0.029847 0.001331 1 2
2458871.2215904463 0.000061 0.028766 0.001400 1 2
2458871.2216514219 0.000061 0.029045 0.001302 1 2
2458871.2217124640 0.000061 0.030350 0.001426 1 2
2458871.2217734396 0.000061 0.028287 0.001290 1 2
2458871.2218344817 0.000061 0.028582 0.001400 1 2
2458871.2218954577 0.000061 0.030891 0.001423 1 2
2458871.2219564333 0.000061 0.026839 0.001346 1 2
2458871.2220174754 0.000061 0.030468 0.001333 1 2
2458871.2220784510 0.000061 0.031089 0.001402 1 2
2458871.2221394931 0.000061 0.031407 0.001415 1 2
2458871.2222004691 0.000061 0.032565 0.001472 1 2
2458871.2222615113 0.000061 0.030129 0.001567 1 2
2458871.2223214884 0.000061 0.028106 0.001369 1 2
2458871.2223824640 0.000061 0.030537 0.001428 1 2
2458871.2224435061 0.000061 0.030412 0.001404 1 2
2458871.2225044817 0.000061 0.028350 0.001431 1 2
2458871.2225655238 0.000061 0.032432 0.001426 1 2
2458871.2226264998 0.000061 0.027385 0.001347 1 2
2458871.2226874754 0.000061 0.031094 0.001507 1 2
2458871.2227485175 0.000061 0.029981 0.001394 1 2
2458871.2228094931 0.000061 0.027046 0.001382 1 2
2458871.2228705352 0.000061 0.029637 0.001330 1 2
2458871.2229315108 0.000061 0.029136 0.001390 1 2
2458871.2229925534 0.000061 0.029760 0.001338 1 2
2458871.2230535289 0.000061 0.029375 0.001292 1 2
2458871.2231145045 0.000061 0.027939 0.001320 1 2
2458871.2231755466 0.000061 0.028834 0.001336 1 2
2458871.2232365222 0.000061 0.029110 0.001260 1 2
2458871.2232975643 0.000061 0.031887 0.001355 1 2
2458871.2233585403 0.000061 0.033087 0.001403 1 2
2458871.2234195825 0.000061 0.027774 0.001311 1 2
2458871.2234795596 0.000061 0.028497 0.001411 1 2
2458871.2235405352 0.000061 0.027603 0.001266 1 2
2458871.2236015773 0.000061 0.029250 0.001284 1 2
2458871.2236625529 0.000061 0.028658 0.001360 1 2
2458871.2237235950 0.000061 0.028165 0.001286 1 2
2458871.2237845710 0.000061 0.029038 0.001306 1 2
2458871.2238456132 0.000061 0.027111 0.001312 1 2
2458871.2239065887 0.000061 0.029613 0.001423 1 2
2458871.2239675643 0.000061 0.027553 0.001318 1 2
2458871.2240286064 0.000061 0.026613 0.001257 1 2
2458871.2240895825 0.000061 0.028612 0.001473 1 2
2458871.2241506246 0.000061 0.028025 0.001331 1 2
2458871.2242116001 0.000061 0.028362 0.001341 1 2
2458871.2242726423 0.000061 0.029450 0.001359 1 2
2458871.2243336178 0.000061 0.028172 0.001364 1 2
2458871.2243945934 0.000061 0.028318 0.001323 1 2
2458871.2244556360 0.000061 0.030445 0.001443 1 2
2458871.2245166115 0.000061 0.027553 0.001418 1 2
2458871.2245776537 0.000061 0.030006 0.001328 1 2
2458871.2246376309 0.000061 0.030115 0.001377 1 2
2458871.2246986064 0.000061 0.025888 0.001292 1 2
2458871.2247596486 0.000061 0.028379 0.001296 1 2
2458871.2248206241 0.000061 0.028763 0.001254 1 2
2458871.2248816667 0.000061 0.030975 0.001368 1 2
2458871.2249426423 0.000061 0.029025 0.001269 1 2
2458871.2250036844 0.000061 0.030475 0.001313 1 2
2458871.2250646600 0.000061 0.029462 0.001334 1 2
2458871.2251256355 0.000061 0.026906 0.001251 1 2
2458871.2251866776 0.000061 0.026785 0.001384 1 2
2458871.2252476537 0.000061 0.030333 0.001465 1 2
2458871.2253086958 0.000061 0.031025 0.001422 1 2
2458871.2253696714 0.000061 0.030718 0.001336 1 2
2458871.2254307135 0.000061 0.027800 0.001306 1 2
2458871.2254916891 0.000061 0.027740 0.001293 1 2
2458871.2255526651 0.000061 0.027989 0.001290 1 2
2458871.2256137072 0.000061 0.028089 0.001201 1 2
2458871.2256746828 0.000061 0.030890 0.001269 1 2
2458871.2257357249 0.000061 0.027835 0.001192 1 2
2458871.2257967005 0.000061 0.027625 0.001203 1 2
2458871.2258567442 0.000061 0.029112 0.001283 1 2
2458871.2259177198 0.000061 0.028107 0.001259 1 2
2458871.2259786958 0.000061 0.027292 0.001197 1 2
2458871.2260397379 0.000061 0.025017 0.001220 1 2
2458871.2261007135 0.000061 0.030764 0.001267 1 2
2458871.2261617556 0.000061 0.030694 0.001377 1 2
2458871.2262227312 0.000061 0.025653 0.001263 1 2
2458871.2262837733 0.000061 0.031379 0.001340 1 2
2458871.2263447493 0.000061 0.027244 0.001276 1 2
2458871.2264057249 0.000061 0.029061 0.001341 1 2
2458871.2264667670 0.000061 0.029116 0.001313 1 2
2458871.2265277426 0.000061 0.028374 0.001390 1 2
2458871.2265887847 0.000061 0.029445 0.001374 1 2
2458871.2266497607 0.000061 0.028294 0.001342 1 2
2458871.2267108029 0.000061 0.027707 0.001430 1 2
2458871.2267717784 0.000061 0.028920 0.001392 1 2
2458871.2268327540 0.000061 0.030154 0.001328 1 2
2458871.2268937961 0.000061 0.032779 0.001367 1 2
2458871.2269547717 0.000061 0.029863 0.001313 1 2
2458871.2270148154 0.000061 0.029587 0.001358 1 2
2458871.2270757915 0.000061 0.027688 0.001286 1 2
2458871.2271367670 0.000061 0.028352 0.001322 1 2
2458871.2271978091 0.000061 0.028621 0.001361 1 2
2458871.2272587847 0.000061 0.027854 0.001398 1 2
2458871.2273198268 0.000061 0.026837 0.001310 1 2
2458871.2273808024 0.000061 0.031831 0.001385 1 2
2458871.2274418450 0.000061 0.030096 0.001407 1 2
2458871.2275028205 0.000061 0.029587 0.001442 1 2
2458871.2275637961 0.000061 0.026692 0.001406 1 2
2458871.2276248382 0.000061 0.028817 0.001384 1 2
2458871.2276858138 0.000061 0.029915 0.001508 1 2
2458871.2277468559 0.000061 0.029579 0.001370 1 2
2458871.2278078320 0.000061 0.028469 0.001361 1 2
2458871.2278688741 0.000061 0.030545 0.001381 1 2
2458871.2279298496 0.000061 0.028435 0.001365 1 2
2458871.2279908252 0.000061 0.028952 0.001370 1 2
2458871.2280518673 0.000061 0.030950 0.001414 1 2
2458871.2281128434 0.000061 0.031948 0.001415 1 2
2458871.2281738855 0.000061 0.029738 0.001412 1 2
2458871.2282338627 0.000061 0.027657 0.001359 1 2
2458871.2282949048 0.000061 0.028599 0.001312 1 2
2458871.2283558804 0.000061 0.030866 0.001303 1 2
2458871.2284168559 0.000061 0.029795 0.001281 1 2
2458871.2284778981 0.000061 0.030411 0.001452 1 2
2458871.2285388741 0.000061 0.032607 0.001404 1 2
2458871.2285999162 0.000061 0.030421 0.001389 1 2
2458871.2286608918 0.000061 0.030216 0.001356 1 2
2458871.2287219339 0.000061 0.027705 0.001410 1 2
2458871.2287829095 0.000061 0.027950 0.001508 1 2
2458871.2288438850 0.000061 0.026916 0.001376 1 2
2458871.2289049276 0.000061 0.031061 0.001363 1 2
2458871.2289659032 0.000061 0.033240 0.001473 1 2
2458871.2290269453 0.000061 0.028138 0.001347 1 2
2458871.2290879209 0.000061 0.030496 0.001425 1 2
2458871.2291489630 0.000061 0.030842 0.001463 1 2
2458871.2292099390 0.000061 0.027695 0.001340 1 2
2458871.2292709146 0.000061 0.027995 0.001295 1 2
2458871.2293319567 0.000061 0.027786 0.001309 1 2
2458871.2293919339 0.000061 0.026908 0.001264 1 2
2458871.2294529760 0.000061 0.029040 0.001378 1 2
2458871.2295139516 0.000061 0.027496 0.001327 1 2
2458871.2295749271 0.000061 0.027309 0.001282 1 2
2458871.2296359697 0.000061 0.028987 0.001420 1 2
2458871.2296969453 0.000061 0.031618 0.001405 1 2
2458871.2297579874 0.000061 0.030941 0.001360 1 2
2458871.2298189630 0.000061 0.029484 0.001250 1 2
2458871.2298800051 0.000061 0.032153 0.001344 1 2
2458871.2299409807 0.000061 0.030564 0.001329 1 2
2458871.2300019567 0.000061 0.030513 0.001357 1 2
2458871.2300629988 0.000061 0.030541 0.001429 1 2
2458871.2301239744 0.000061 0.030768 0.001365 1 2
2458871.2301850165 0.000061 0.030398 0.001432 1 2
2458871.2302459921 0.000061 0.025944 0.001372 1 2
2458871.2303070342 0.000061 0.027493 0.001354 1 2
2458871.2303680102 0.000061 0.028937 0.001372 1 2
2458871.2304289858 0.000061 0.031928 0.001434 1 2
2458871.2304900279 0.000061 0.029391 0.001359 1 2
2458871.2305510035 0.000061 0.028365 0.001375 1 2
2458871.2306110472 0.000061 0.032198 0.001449 1 2
2458871.2306720228 0.000061 0.028508 0.001328 1 2
2458871.2307330649 0.000061 0.029992 0.001282 1 2
2458871.2307940410 0.000061 0.028443 0.001301 1 2
2458871.2308550165 0.000061 0.028671 0.001373 1 2
2458871.2309160586 0.000061 0.028494 0.001342 1 2
2458871.2309770342 0.000061 0.030311 0.001507 1 2
2458871.2310380763 0.000061 0.032706 0.001395 1 2
2458871.2310990524 0.000061 0.030278 0.001436 1 2
2458871.2311600945 0.000061 0.028199 0.001424 1 2
2458871.2312210700 0.000061 0.031912 0.001275 1 2
2458871.2312820456 0.000061 0.031707 0.001275 1 2
2458871.2313430877 0.000061 0.028368 0.001312 1 2
2458871.2314040633 0.000061 0.032402 0.001314 1 2
2458871.2314651059 0.000061 0.032347 0.001319 1 2
2458871.2315260815 0.000061 0.030902 0.001324 1 2
2458871.2315870570 0.000061 0.031198 0.001278 1 2
2458871.2316480991 0.000061 0.029716 0.001461 1 2
2458871.2317090747 0.000061 0.030404 0.001403 1 2
2458871.2317691185 0.000061 0.031449 0.001355 1 2
2458871.2318300940 0.000061 0.029112 0.001271 1 2
2458871.2318911366 0.000061 0.031796 0.001360 1 2
2458871.2319521122 0.000061 0.032770 0.001536 1 2
2458871.2320130877 0.000061 0.033190 0.001393 1 2
2458871.2320741299 0.000061 0.031438 0.001366 1 2
2458871.2321351054 0.000061 0.031880 0.001312 1 2
2458871.2321961476 0.000061 0.034165 0.001347 1 2
2458871.2322571236 0.000061 0.027753 0.001189 1 2
2458871.2323181657 0.000061 0.030248 0.001233 1 2
2458871.2323791413 0.000061 0.029748 0.001259 1 2
2458871.2324401168 0.000061 0.030480 0.001269 1 2
2458871.2325011590 0.000061 0.031364 0.001363 1 2
2458871.2325621350 0.000061 0.030667 0.001318 1 2
2458871.2326231771 0.000061 0.030660 0.001345 1 2
2458871.2326841527 0.000061 0.033561 0.001347 1 2
2458871.2327451948 0.000061 0.032081 0.001309 1 2
2458871.2328061704 0.000061 0.032573 0.001375 1 2
2458871.2328671464 0.000061 0.033563 0.001358 1 2
2458871.2329271897 0.000061 0.032621 0.001313 1 2
2458871.2329881657 0.000061 0.031127 0.001331 1 2
2458871.2330492078 0.000061 0.029432 0.001245 1 2
2458871.2331101834 0.000061 0.030473 0.001221 1 2
2458871.2331712255 0.000061 0.029817 0.001302 1 2
2458871.2332322011 0.000061 0.031057 0.001335 1 2
2458871.2332931766 0.000061 0.030652 0.001292 1 2
2458871.2333542192 0.000061 0.030077 0.001255 1 2
2458871.2334151948 0.000061 0.029327 0.001356 1 2
2458871.2334762369 0.000061 0.029484 0.001242 1 2
2458871.2335372125 0.000061 0.026043 0.001231 1 2
2458871.2335982546 0.000061 0.033213 0.001338 1 2
2458871.2336592306 0.000061 0.031887 0.001268 1 2
2458871.2337202062 0.000061 0.029507 0.001250 1 2
2458871.2337812483 0.000061 0.028813 0.001297 1 2
2458871.2338422239 0.000061 0.029908 0.001229 1 2
2458871.2339032660 0.000061 0.030853 0.001215 1 2
2458871.2339642416 0.000061 0.033954 0.001277 1 2
2458871.2340252176 0.000061 0.029149 0.001218 1 2
2458871.2340862597 0.000061 0.033027 0.001379 1 2
2458871.2341462369 0.000061 0.030590 0.001257 1 2
2458871.2342072790 0.000061 0.032797 0.001345 1 2
2458871.2342682546 0.000061 0.032968 0.001338 1 2
2458871.2343292967 0.000061 0.032852 0.001461 1 2
2458871.2343902723 0.000061 0.032679 0.001325 1 2
2458871.2344512483 0.000061 0.035358 0.001439 1 2
2458871.2345122905 0.000061 0.036431 0.001339 1 2
2458871.2345732660 0.000061 0.035892 0.001352 1 2
2458871.2346343081 0.000061 0.035571 0.001363 1 2
2458871.2346952837 0.000061 0.036907 0.001322 1 2
2458871.2347563258 0.000061 0.042693 0.001373 1 2
2458871.2348173019 0.000061 0.039059 0.001388 1 2
2458871.2348782774 0.000061 0.040357 0.001364 1 2
2458871.2349393195 0.000061 0.040845 0.001537 1 2
2458871.2350002951 0.000061 0.039769 0.001484 1 2
2458871.2350613372 0.000061 0.038642 0.001407 1 2
2458871.2351223133 0.000061 0.035726 0.001397 1 2
2458871.2351833554 0.000061 0.035940 0.001382 1 2
2458871.2352443310 0.000061 0.034549 0.001330 1 2
2458871.2353043081 0.000061 0.034522 0.001333 1 2
2458871.2353653503 0.000061 0.036617 0.001488 1 2
2458871.2354263258 0.000061 0.036144 0.001489 1 2
2458871.2354873680 0.000061 0.033292 0.001543 1 2
2458871.2355483440 0.000061 0.034158 0.001468 1 2
2458871.2356093861 0.000061 0.034751 0.001361 1 2
2458871.2356703617 0.000061 0.038614 0.001421 1 2
2458871.2357313372 0.000061 0.037831 0.001423 1 2
2458871.2357923794 0.000061 0.035189 0.001347 1 2
2458871.2358533549 0.000061 0.038297 0.001426 1 2
2458871.2359143975 0.000061 0.036731 0.001392 1 2
2458871.2359753731 0.000061 0.032960 0.001285 1 2
2458871.2360363486 0.000061 0.035734 0.001471 1 2
2458871.2360973908 0.000061 0.036685 0.001506 1 2
2458871.2361583663 0.000061 0.036918 0.001419 1 2
2458871.2362194089 0.000061 0.036799 0.001425 1 2
2458871.2362803845 0.000061 0.035382 0.001349 1 2
2458871.2363414266 0.000061 0.032131 0.001361 1 2
2458871.2364024022 0.000061 0.038644 0.001397 1 2
2458871.2364633777 0.000061 0.039118 0.001471 1 2
2458871.2365234215 0.000061 0.036616 0.001440 1 2
2458871.2365843970 0.000061 0.034901 0.001342 1 2
2458871.2366454392 0.000061 0.034252 0.001297 1 2
2458871.2367064152 0.000061 0.033145 0.001274 1 2
2458871.2367674573 0.000061 0.033406 0.001246 1 2
2458871.2368284329 0.000061 0.036094 0.001332 1 2
2458871.2368894084 0.000061 0.038975 0.001341 1 2
2458871.2369504506 0.000061 0.035083 0.001305 1 2
2458871.2370114266 0.000061 0.038007 0.001378 1 2
2458871.2370724687 0.000061 0.038599 0.001379 1 2
2458871.2371334443 0.000061 0.039750 0.001344 1 2
2458871.2371944864 0.000061 0.036777 0.001283 1 2
2458871.2372554620 0.000061 0.039901 0.001440 1 2
2458871.2373164380 0.000061 0.036626 0.001361 1 2
2458871.2373774801 0.000061 0.037823 0.001343 1 2
2458871.2374384557 0.000061 0.034204 0.001389 1 2
2458871.2374994978 0.000061 0.039264 0.001428 1 2
2458871.2375604734 0.000061 0.033068 0.001355 1 2
2458871.2376215155 0.000061 0.035292 0.001381 1 2
2458871.2376814927 0.000061 0.036957 0.001343 1 2
2458871.2377424682 0.000061 0.038839 0.001420 1 2
2458871.2378035109 0.000061 0.037620 0.001389 1 2
2458871.2378644864 0.000061 0.035374 0.001324 1 2
2458871.2379255285 0.000061 0.035910 0.001337 1 2
2458871.2379865041 0.000061 0.039426 0.001411 1 2
2458871.2380474797 0.000061 0.037381 0.001438 1 2
2458871.2381085223 0.000061 0.038947 0.001484 1 2
2458871.2381694978 0.000061 0.038907 0.001454 1 2
2458871.2382305400 0.000061 0.038156 0.001414 1 2
