2458873.4238703782 0.000046 0.038819 0.003112 1 2
2458873.4238623902 0.000061 0.040460 0.002993 1 2
2458873.4239233658 0.000061 0.042285 0.001902 1 2
2458873.4239844084 0.000061 0.044593 0.002113 1 2
2458873.4240453839 0.000061 0.046331 0.003311 1 2
2458873.4241064261 0.000061 0.046700 0.002526 1 2
2458873.4241674016 0.000061 0.046650 0.001877 1 2
2458873.4242283772 0.000061 0.046781 0.001818 1 2
2458873.4242894193 0.000061 0.043797 0.001760 1 2
2458873.4243503953 0.000061 0.045707 0.001783 1 2
2458873.4244114375 0.000061 0.050771 0.001954 1 2
2458873.4244724130 0.000061 0.045128 0.002438 1 2
2458873.4245334552 0.000061 0.043881 0.003397 1 2
2458873.4245944307 0.000061 0.040308 0.003034 1 2
2458873.4246554067 0.000061 0.040665 0.004593 1 2
2458873.4247164489 0.000061 0.045191 0.002638 1 2
2458873.4247774244 0.000061 0.046633 0.002558 1 2
2458873.4248384666 0.000061 0.045699 0.001804 1 2
2458873.4248994421 0.000061 0.035795 0.003304 1 2
2458873.4249594193 0.000061 0.038425 0.001987 1 2
2458873.4250204614 0.000061 0.041716 0.002214 1 2
2458873.4250814370 0.000061 0.040508 0.002281 1 2
2458873.4251424796 0.000061 0.044963 0.002132 1 2
2458873.4252034551 0.000061 0.045248 0.002189 1 2
2458873.4252644973 0.000061 0.041095 0.001800 1 2
2458873.4253254728 0.000061 0.040445 0.004041 1 2
2458873.4253864484 0.000061 0.046189 0.002038 1 2
2458873.4254474910 0.000061 0.040344 0.001863 1 2
2458873.4255084665 0.000061 0.037178 0.004188 1 2
2458873.4255695087 0.000061 0.042802 0.002143 1 2
2458873.4256304842 0.000061 0.047886 0.002465 1 2
2458873.4256915264 0.000061 0.045875 0.002753 1 2
2458873.4257525019 0.000061 0.044332 0.002159 1 2
2458873.4258134780 0.000061 0.043048 0.003534 1 2
2458873.4258745201 0.000061 0.050011 0.003340 1 2
2458873.4259354956 0.000061 0.046462 0.002326 1 2
2458873.4259965378 0.000061 0.045575 0.001842 1 2
2458873.4260575133 0.000061 0.045656 0.002570 1 2
2458873.4261175571 0.000061 0.050021 0.001961 1 2
2458873.4261785327 0.000061 0.043598 0.001811 1 2
2458873.4262395087 0.000061 0.043471 0.002192 1 2
2458873.4263005508 0.000061 0.047247 0.002806 1 2
2458873.4263615264 0.000061 0.042207 0.001923 1 2
2458873.4264225685 0.000061 0.040834 0.001854 1 2
2458873.4264835441 0.000061 0.049430 0.001881 1 2
2458873.4265445201 0.000061 0.044502 0.001854 1 2
2458873.4266055622 0.000061 0.048881 0.001927 1 2
2458873.4266665378 0.000061 0.048192 0.002480 1 2
2458873.4267275799 0.000061 0.045871 0.002011 1 2
2458873.4267885555 0.000061 0.048545 0.001945 1 2
2458873.4268495976 0.000061 0.047203 0.001917 1 2
2458873.4269105736 0.000061 0.049949 0.002086 1 2
2458873.4269715492 0.000061 0.044911 0.002065 1 2
2458873.4270325913 0.000061 0.041574 0.001957 1 2
2458873.4270935669 0.000061 0.045734 0.001978 1 2
2458873.4271546090 0.000061 0.043933 0.001930 1 2
2458873.4272155850 0.000061 0.044984 0.002145 1 2
2458873.4272766272 0.000061 0.047405 0.002066 1 2
2458873.4273366043 0.000061 0.045210 0.001864 1 2
2458873.4273975799 0.000061 0.048669 0.001947 1 2
2458873.4274586220 0.000061 0.043921 0.002988 1 2
2458873.4275195976 0.000061 0.047494 0.002829 1 2
2458873.4275806397 0.000061 0.045286 0.002230 1 2
2458873.4276416153 0.000061 0.047772 0.002188 1 2
2458873.4277026579 0.000061 0.045155 0.002055 1 2
2458873.4277636334 0.000061 0.047170 0.001955 1 2
2458873.4278246090 0.000061 0.042925 0.002472 1 2
2458873.4278856511 0.000061 0.047936 0.002001 1 2
2458873.4279466267 0.000061 0.045536 0.002199 1 2
2458873.4280076693 0.000061 0.048047 0.001909 1 2
2458873.4280686448 0.000061 0.049896 0.002101 1 2
2458873.4281296204 0.000061 0.044413 0.002261 1 2
2458873.4281906625 0.000061 0.037712 0.002421 1 2
2458873.4282516381 0.000061 0.041195 0.002893 1 2
2458873.4283126802 0.000061 0.049914 0.002093 1 2
2458873.4283736562 0.000061 0.046275 0.002025 1 2
2458873.4284346984 0.000061 0.041132 0.002299 1 2
2458873.4284946756 0.000061 0.043587 0.002091 1 2
2458873.4285556511 0.000061 0.044442 0.002053 1 2
2458873.4286166932 0.000061 0.046867 0.002035 1 2
2458873.4286776688 0.000061 0.044486 0.002042 1 2
2458873.4287387109 0.000061 0.046673 0.002182 1 2
2458873.4287996870 0.000061 0.040768 0.002264 1 2
2458873.4288607291 0.000061 0.046234 0.002509 1 2
2458873.4289217046 0.000061 0.046248 0.002273 1 2
2458873.4289826802 0.000061 0.034403 0.003378 1 2
2458873.4290437223 0.000061 0.044030 0.002185 1 2
2458873.4291046984 0.000061 0.045247 0.002218 1 2
2458873.4291657405 0.000061 0.043355 0.002140 1 2
2458873.4292267160 0.000061 0.042527 0.002178 1 2
2458873.4292876916 0.000061 0.048448 0.002287 1 2
2458873.4293487337 0.000061 0.041737 0.002035 1 2
2458873.4294097093 0.000061 0.042232 0.002123 1 2
2458873.4294707519 0.000061 0.043277 0.002049 1 2
2458873.4295317275 0.000061 0.040156 0.002003 1 2
2458873.4295927696 0.000061 0.044897 0.002002 1 2
2458873.4296527468 0.000061 0.042818 0.001944 1 2
2458873.4297137223 0.000061 0.043952 0.002364 1 2
2458873.4297747645 0.000061 0.041049 0.002881 1 2
2458873.4298357400 0.000061 0.039231 0.002305 1 2
2458873.4298967826 0.000061 0.041066 0.002289 1 2
2458873.4299577582 0.000061 0.039878 0.001971 1 2
2458873.4300188003 0.000061 0.043425 0.002049 1 2
2458873.4300797759 0.000061 0.041814 0.001964 1 2
2458873.4301407514 0.000061 0.040060 0.002115 1 2
2458873.4302017936 0.000061 0.038459 0.002004 1 2
2458873.4302627696 0.000061 0.039321 0.001976 1 2
2458873.4303238117 0.000061 0.041054 0.002091 1 2
2458873.4303847873 0.000061 0.043698 0.002268 1 2
2458873.4304457628 0.000061 0.042843 0.002551 1 2
2458873.4305068050 0.000061 0.041657 0.001990 1 2
2458873.4305677810 0.000061 0.043410 0.002191 1 2
2458873.4306288231 0.000061 0.043145 0.002132 1 2
2458873.4306897987 0.000061 0.043297 0.002110 1 2
2458873.4307508408 0.000061 0.041619 0.002064 1 2
2458873.4308118164 0.000061 0.045164 0.002256 1 2
2458873.4308717935 0.000061 0.050224 0.004058 1 2
2458873.4309328357 0.000061 0.043994 0.002440 1 2
2458873.4309938117 0.000061 0.043985 0.002272 1 2
2458873.4310548538 0.000061 0.039613 0.002213 1 2
2458873.4311158294 0.000061 0.038817 0.002106 1 2
2458873.4311768715 0.000061 0.039297 0.001976 1 2
2458873.4312378471 0.000061 0.042208 0.002696 1 2
2458873.4312988226 0.000061 0.042395 0.002548 1 2
2458873.4313598652 0.000061 0.035839 0.002571 1 2
2458873.4314208408 0.000061 0.039386 0.002042 1 2
2458873.4314818829 0.000061 0.041319 0.001794 1 2
2458873.4315428585 0.000061 0.038107 0.001655 1 2
2458873.4316039006 0.000061 0.041465 0.001736 1 2
2458873.4316648766 0.000061 0.043078 0.001804 1 2
2458873.4317258522 0.000061 0.039836 0.002115 1 2
2458873.4317868943 0.000061 0.036484 0.003795 1 2
2458873.4318478699 0.000061 0.037145 0.002709 1 2
2458873.4319089120 0.000061 0.040535 0.003370 1 2
2458873.4319698876 0.000061 0.037921 0.001936 1 2
2458873.4320298648 0.000061 0.042917 0.002258 1 2
2458873.4320909069 0.000061 0.034178 0.001760 1 2
2458873.4321518829 0.000061 0.033378 0.001715 1 2
2458873.4322129251 0.000061 0.034621 0.002717 1 2
2458873.4322739006 0.000061 0.035437 0.002236 1 2
2458873.4323349427 0.000061 0.037302 0.001722 1 2
2458873.4323959183 0.000061 0.041178 0.001741 1 2
2458873.4324568943 0.000061 0.037553 0.001936 1 2
2458873.4325179365 0.000061 0.037381 0.002134 1 2
2458873.4325789120 0.000061 0.034979 0.001823 1 2
2458873.4326399541 0.000061 0.036626 0.001824 1 2
2458873.4327009297 0.000061 0.036122 0.001748 1 2
2458873.4327619718 0.000061 0.034156 0.001790 1 2
2458873.4328229479 0.000061 0.033963 0.002075 1 2
2458873.4328839234 0.000061 0.035842 0.002012 1 2
2458873.4329449655 0.000061 0.035286 0.001699 1 2
2458873.4330059411 0.000061 0.039952 0.001828 1 2
2458873.4330669832 0.000061 0.036395 0.001817 1 2
2458873.4331279593 0.000061 0.038033 0.001827 1 2
2458873.4331889348 0.000061 0.033574 0.001760 1 2
2458873.4332489786 0.000061 0.034960 0.001791 1 2
2458873.4333099541 0.000061 0.032689 0.002209 1 2
2458873.4333709963 0.000061 0.035774 0.002261 1 2
2458873.4334319718 0.000061 0.032334 0.003720 1 2
2458873.4334930140 0.000061 0.035786 0.002223 1 2
2458873.4335539900 0.000061 0.033291 0.001677 1 2
2458873.4336149655 0.000061 0.030410 0.002205 1 2
2458873.4336760077 0.000061 0.033570 0.001744 1 2
2458873.4337369832 0.000061 0.036010 0.001780 1 2
2458873.4337980254 0.000061 0.037574 0.002076 1 2
2458873.4338590009 0.000061 0.035692 0.001759 1 2
2458873.4339200435 0.000061 0.034171 0.001857 1 2
2458873.4339810191 0.000061 0.034924 0.001760 1 2
2458873.4340419946 0.000061 0.035034 0.001821 1 2
2458873.4341030368 0.000061 0.038497 0.001979 1 2
2458873.4341640123 0.000061 0.038985 0.001934 1 2
2458873.4342250545 0.000061 0.037556 0.001866 1 2
2458873.4342860305 0.000061 0.040712 0.002060 1 2
2458873.4343470726 0.000061 0.041775 0.002183 1 2
2458873.4344070498 0.000061 0.036834 0.002287 1 2
2458873.4344680253 0.000061 0.040168 0.003145 1 2
2458873.4345900430 0.000061 0.039731 0.002707 1 2
2458873.4346510852 0.000061 0.041410 0.002076 1 2
2458873.4347120612 0.000061 0.043128 0.002613 1 2
2458873.4347730367 0.000061 0.043009 0.002107 1 2
2458873.4348340789 0.000061 0.036590 0.002506 1 2
2458873.4348950544 0.000061 0.038872 0.001983 1 2
2458873.4349560966 0.000061 0.037127 0.001928 1 2
2458873.4350170726 0.000061 0.046821 0.002112 1 2
2458873.4350781147 0.000061 0.039320 0.001848 1 2
2458873.4351390903 0.000061 0.043711 0.001887 1 2
2458873.4352000658 0.000061 0.038330 0.002555 1 2
2458873.4352611080 0.000061 0.042112 0.002191 1 2
2458873.4353220835 0.000061 0.040115 0.001962 1 2
2458873.4353831261 0.000061 0.042513 0.001883 1 2
2458873.4354441017 0.000061 0.045596 0.001887 1 2
2458873.4355051438 0.000061 0.040922 0.001817 1 2
2458873.4355661194 0.000061 0.043290 0.001784 1 2
2458873.4356260966 0.000061 0.038874 0.001871 1 2
2458873.4356871387 0.000061 0.042843 0.001950 1 2
2458873.4357481143 0.000061 0.042298 0.001934 1 2
2458873.4358091569 0.000061 0.045586 0.001902 1 2
2458873.4358701324 0.000061 0.042279 0.001858 1 2
2458873.4359311080 0.000061 0.044675 0.001934 1 2
2458873.4359921501 0.000061 0.041024 0.001870 1 2
2458873.4360531257 0.000061 0.040186 0.002022 1 2
2458873.4361141683 0.000061 0.037451 0.001985 1 2
2458873.4361751438 0.000061 0.040141 0.002727 1 2
2458873.4362361860 0.000061 0.041341 0.002313 1 2
2458873.4362971615 0.000061 0.036269 0.003847 1 2
2458873.4363581371 0.000061 0.040680 0.003142 1 2
2458873.4364191792 0.000061 0.040816 0.001967 1 2
2458873.4364801552 0.000061 0.042696 0.001917 1 2
2458873.4365411974 0.000061 0.042380 0.001813 1 2
2458873.4366021729 0.000061 0.033191 0.002544 1 2
2458873.4366632150 0.000061 0.042688 0.002722 1 2
2458873.4367241906 0.000061 0.040504 0.001822 1 2
2458873.4367841678 0.000061 0.041532 0.001878 1 2
2458873.4368452099 0.000061 0.042500 0.002276 1 2
2458873.4369061859 0.000061 0.037448 0.002511 1 2
2458873.4369672281 0.000061 0.044224 0.001896 1 2
2458873.4370282036 0.000061 0.040873 0.001778 1 2
2458873.4370891792 0.000061 0.043257 0.001817 1 2
2458873.4371502213 0.000061 0.039669 0.001759 1 2
2458873.4372111973 0.000061 0.040202 0.001725 1 2
2458873.4372722395 0.000061 0.040455 0.001708 1 2
2458873.4373332150 0.000061 0.043686 0.001862 1 2
2458873.4373942572 0.000061 0.038958 0.001743 1 2
2458873.4374552327 0.000061 0.040072 0.001856 1 2
2458873.4375162083 0.000061 0.038686 0.001701 1 2
2458873.4375772509 0.000061 0.039525 0.001960 1 2
2458873.4376382264 0.000061 0.042230 0.003622 1 2
2458873.4376992686 0.000061 0.038924 0.002368 1 2
2458873.4377602441 0.000061 0.041552 0.001907 1 2
2458873.4378212863 0.000061 0.046789 0.001868 1 2
2458873.4378822618 0.000061 0.042917 0.001857 1 2
2458873.4379422390 0.000061 0.039576 0.001785 1 2
2458873.4380032816 0.000061 0.044079 0.001816 1 2
2458873.4380642571 0.000061 0.034832 0.001746 1 2
2458873.4381252993 0.000061 0.031703 0.001725 1 2
2458873.4381862748 0.000061 0.021096 0.001551 1 2
2458873.4382473170 0.000061 0.012791 0.001499 1 2
2458873.4383082925 0.000061 0.013239 0.002062 1 2
2458873.4383692686 0.000061 0.007450 0.001600 1 2
2458873.4384303107 0.000061 0.004839 0.001452 1 2
2458873.4384912862 0.000061 0.003535 0.001446 1 2
2458873.4385523284 0.000061 0.005099 0.001374 1 2
2458873.4386133039 0.000061 0.004553 0.001533 1 2
2458873.4386742800 0.000061 0.005888 0.001606 1 2
2458873.4387353221 0.000061 0.003355 0.001601 1 2
2458873.4387962976 0.000061 0.003027 0.001775 1 2
2458873.4388573398 0.000061 0.003170 0.001602 1 2
2458873.4389183153 0.000061 0.004352 0.001421 1 2
2458873.4389793575 0.000061 0.002764 0.001525 1 2
2458873.4390403335 0.000061 0.001575 0.001535 1 2
2458873.4391013090 0.000061 0.002982 0.001562 1 2
2458873.4391613528 0.000061 0.002014 0.001849 1 2
2458873.4392223284 0.000061 0.003259 0.002085 1 2
2458873.4392833705 0.000061 0.003368 0.001578 1 2
2458873.4393443461 0.000061 0.004112 0.001375 1 2
2458873.4394053882 0.000061 0.001270 0.001270 1 2
2458873.4394663642 0.000061 0.003054 0.001586 1 2
2458873.4395273398 0.000061 0.002392 0.001405 1 2
2458873.4395883819 0.000061 0.000426 0.001598 1 2
2458873.4396493575 0.000061 0.002214 0.001581 1 2
2458873.4397103996 0.000061 -0.000849 -0.001560 1 2
2458873.4397713752 0.000061 0.002570 0.002088 1 2
2458873.4398323512 0.000061 0.002654 0.001660 1 2
2458873.4398933933 0.000061 0.001265 0.001354 1 2
2458873.4399543689 0.000061 -0.000311 -0.001449 1 2
2458873.4400154110 0.000061 0.000829 0.001568 1 2
2458873.4400763866 0.000061 -0.001543 -0.001407 1 2
2458873.4401374292 0.000061 0.000408 0.001452 1 2
2458873.4401984047 0.000061 0.002569 0.001803 1 2
2458873.4402593803 0.000061 0.000848 0.001540 1 2
2458873.4403194240 0.000061 0.001133 0.002319 1 2
2458873.4403803996 0.000061 0.003905 0.001689 1 2
2458873.4404414417 0.000061 0.005888 0.001586 1 2
2458873.4405024173 0.000061 0.008815 0.001776 1 2
2458873.4405634599 0.000061 0.014559 0.002193 1 2
2458873.4406244354 0.000061 0.015751 0.001765 1 2
2458873.4406854110 0.000061 0.015847 0.001598 1 2
2458873.4407464531 0.000061 0.024350 0.001650 1 2
2458873.4408074287 0.000061 0.032439 0.001777 1 2
2458873.4408684708 0.000061 0.036144 0.001869 1 2
2458873.4409294468 0.000061 0.032891 0.001932 1 2
2458873.4409904224 0.000061 0.034118 0.001797 1 2
2458873.4410514645 0.000061 0.036876 0.001794 1 2
2458873.4411124401 0.000061 0.038447 0.002118 1 2
2458873.4411734822 0.000061 0.036672 0.001949 1 2
2458873.4412344582 0.000061 0.038232 0.001913 1 2
2458873.4412955004 0.000061 0.040774 0.001885 1 2
2458873.4413564759 0.000061 0.040154 0.002075 1 2
2458873.4414174515 0.000061 0.036184 0.001926 1 2
2458873.4414784936 0.000061 0.043708 0.002167 1 2
2458873.4415384708 0.000061 0.045628 0.002685 1 2
2458873.4415995129 0.000061 0.044928 0.001994 1 2
2458873.4416604890 0.000061 0.042278 0.002097 1 2
2458873.4417215311 0.000061 0.040048 0.002163 1 2
2458873.4417825066 0.000061 0.043102 0.001931 1 2
2458873.4418434822 0.000061 0.037773 0.002691 1 2
2458873.4419045243 0.000061 0.038740 0.002053 1 2
2458873.4419654999 0.000061 0.045144 0.002007 1 2
2458873.4420265425 0.000061 0.043270 0.002813 1 2
2458873.4420875181 0.000061 0.039261 0.001882 1 2
2458873.4421485602 0.000061 0.036695 0.001741 1 2
2458873.4422095357 0.000061 0.045698 0.001858 1 2
2458873.4422705113 0.000061 0.045211 0.001954 1 2
2458873.4423315534 0.000061 0.042721 0.001932 1 2
2458873.4423925295 0.000061 0.040026 0.001925 1 2
2458873.4424535716 0.000061 0.040826 0.001908 1 2
2458873.4425145471 0.000061 0.036031 0.003744 1 2
2458873.4425755227 0.000061 0.043938 0.002974 1 2
2458873.4426365648 0.000061 0.034622 0.002038 1 2
2458873.4426965420 0.000061 0.044858 0.002178 1 2
2458873.4427575842 0.000061 0.039800 0.002061 1 2
2458873.4428185602 0.000061 0.036671 0.002015 1 2
2458873.4428796023 0.000061 0.041965 0.001831 1 2
2458873.4429405779 0.000061 0.039674 0.001792 1 2
2458873.4430015534 0.000061 0.042976 0.001954 1 2
2458873.4430625956 0.000061 0.038175 0.001825 1 2
2458873.4431235716 0.000061 0.044216 0.002067 1 2
2458873.4431846137 0.000061 0.037036 0.001763 1 2
2458873.4432455893 0.000061 0.043866 0.001845 1 2
2458873.4433066314 0.000061 0.042308 0.002623 1 2
2458873.4433676070 0.000061 0.042220 0.001927 1 2
2458873.4434285825 0.000061 0.042376 0.001830 1 2
2458873.4434896251 0.000061 0.042437 0.001835 1 2
2458873.4435506007 0.000061 0.041989 0.001780 1 2
2458873.4436116428 0.000061 0.046609 0.001769 1 2
2458873.4436726184 0.000061 0.045261 0.001803 1 2
2458873.4437335939 0.000061 0.046321 0.001836 1 2
2458873.4437946365 0.000061 0.045864 0.001894 1 2
2458873.4438556121 0.000061 0.046688 0.001935 1 2
2458873.4439156558 0.000061 0.050380 0.001957 1 2
2458873.4439766314 0.000061 0.047782 0.001877 1 2
2458873.4440376735 0.000061 0.043341 0.001822 1 2
2458873.4440986491 0.000061 0.047455 0.001802 1 2
2458873.4441596246 0.000061 0.050836 0.001793 1 2
2458873.4442206668 0.000061 0.051378 0.001815 1 2
2458873.4442816428 0.000061 0.052470 0.001946 1 2
2458873.4443426849 0.000061 0.049161 0.002064 1 2
2458873.4444036605 0.000061 0.053059 0.001957 1 2
2458873.4444647026 0.000061 0.056183 0.001941 1 2
2458873.4445256782 0.000061 0.049368 0.001798 1 2
2458873.4445866542 0.000061 0.051126 0.001851 1 2
2458873.4446476963 0.000061 0.048117 0.001882 1 2
2458873.4447086719 0.000061 0.044723 0.001871 1 2
2458873.4447697140 0.000061 0.042121 0.001809 1 2
2458873.4448306896 0.000061 0.042475 0.001876 1 2
2458873.4448917317 0.000061 0.046474 0.001910 1 2
2458873.4449527077 0.000061 0.046746 0.001847 1 2
2458873.4450136833 0.000061 0.041649 0.002051 1 2
2458873.4450737271 0.000061 0.047844 0.001894 1 2
2458873.4451347026 0.000061 0.048189 0.001884 1 2
2458873.4451957447 0.000061 0.050175 0.001961 1 2
2458873.4452567203 0.000061 0.050733 0.001922 1 2
2458873.4453176958 0.000061 0.051174 0.001985 1 2
2458873.4453787385 0.000061 0.048375 0.001874 1 2
2458873.4454397140 0.000061 0.051788 0.002459 1 2
2458873.4455007561 0.000061 0.047552 0.003182 1 2
2458873.4455617317 0.000061 0.050248 0.001888 1 2
2458873.4456227738 0.000061 0.046039 0.001899 1 2
2458873.4456837499 0.000061 0.044697 0.002001 1 2
2458873.4457447254 0.000061 0.046125 0.002901 1 2
2458873.4458057676 0.000061 0.043829 0.002307 1 2
2458873.4458667431 0.000061 0.049138 0.002194 1 2
2458873.4459277852 0.000061 0.043432 0.002081 1 2
2458873.4459887608 0.000061 0.045821 0.001870 1 2
2458873.4460498034 0.000061 0.046100 0.001844 1 2
2458873.4461107790 0.000061 0.045390 0.002988 1 2
2458873.4461717545 0.000061 0.043369 0.001931 1 2
2458873.4462317983 0.000061 0.044151 0.001933 1 2
2458873.4462927738 0.000061 0.040118 0.002109 1 2
2458873.4463538160 0.000061 0.043716 0.001868 1 2
2458873.4464147915 0.000061 0.040724 0.002036 1 2
2458873.4464757675 0.000061 0.042830 0.001920 1 2
2458873.4465368097 0.000061 0.040858 0.002923 1 2
2458873.4465977852 0.000061 0.049269 0.003911 1 2
2458873.4466588274 0.000061 0.047016 0.002353 1 2
2458873.4467198029 0.000061 0.045996 0.002015 1 2
2458873.4467808451 0.000061 0.042179 0.002842 1 2
2458873.4468418211 0.000061 0.042412 0.001860 1 2
2458873.4469027966 0.000061 0.039508 0.001854 1 2
2458873.4469638388 0.000061 0.038590 0.001816 1 2
2458873.4470248143 0.000061 0.040923 0.001919 1 2
2458873.4470858565 0.000061 0.044521 0.002041 1 2
2458873.4471468325 0.000061 0.043265 0.001953 1 2
2458873.4472078746 0.000061 0.038498 0.001971 1 2
2458873.4472688502 0.000061 0.036476 0.001849 1 2
2458873.4473298257 0.000061 0.044022 0.001987 1 2
2458873.4473908679 0.000061 0.034775 0.001832 1 2
2458873.4474508450 0.000061 0.038738 0.002118 1 2
2458873.4475118872 0.000061 0.039750 0.002542 1 2
2458873.4475728632 0.000061 0.038418 0.002168 1 2
2458873.4476338387 0.000061 0.037603 0.002891 1 2
2458873.4476948809 0.000061 0.035921 0.002354 1 2
2458873.4477558564 0.000061 0.043649 0.002299 1 2
2458873.4478168986 0.000061 0.039456 0.001918 1 2
2458873.4478778741 0.000061 0.038045 0.001955 1 2
2458873.4479389167 0.000061 0.037799 0.001855 1 2
2458873.4479998923 0.000061 0.045573 0.002072 1 2
2458873.4480608678 0.000061 0.037715 0.001904 1 2
2458873.4481219100 0.000061 0.034901 0.001872 1 2
2458873.4481828855 0.000061 0.036763 0.001884 1 2
2458873.4482439281 0.000061 0.035306 0.003720 1 2
2458873.4483049037 0.000061 0.042538 0.002417 1 2
2458873.4483659458 0.000061 0.033030 0.003213 1 2
2458873.4484269214 0.000061 0.034410 0.002159 1 2
2458873.4484878969 0.000061 0.041540 0.001901 1 2
2458873.4485489391 0.000061 0.036799 0.002100 1 2
2458873.4486089163 0.000061 0.034568 0.002874 1 2
2458873.4486699589 0.000061 0.041531 0.001906 1 2
2458873.4487309344 0.000061 0.039720 0.002035 1 2
2458873.4487919766 0.000061 0.037875 0.002784 1 2
2458873.4488529521 0.000061 0.038017 0.002188 1 2
2458873.4489139277 0.000061 0.035202 0.001961 1 2
2458873.4489749698 0.000061 0.043065 0.002014 1 2
2458873.4490359458 0.000061 0.039279 0.002064 1 2
2458873.4490969880 0.000061 0.040731 0.002038 1 2
2458873.4491579635 0.000061 0.041528 0.001945 1 2
2458873.4492189391 0.000061 0.043358 0.001962 1 2
2458873.4492799812 0.000061 0.041680 0.001925 1 2
2458873.4493409572 0.000061 0.044479 0.002096 1 2
2458873.4494019994 0.000061 0.043637 0.002029 1 2
2458873.4494629749 0.000061 0.041938 0.002047 1 2
2458873.4495240171 0.000061 0.041648 0.002239 1 2
2458873.4495849926 0.000061 0.042787 0.002102 1 2
2458873.4496459682 0.000061 0.042109 0.002114 1 2
2458873.4497070108 0.000061 0.036900 0.001916 1 2
2458873.4497679863 0.000061 0.039321 0.002086 1 2
2458873.4498280301 0.000061 0.038063 0.002051 1 2
2458873.4498890056 0.000061 0.039642 0.002153 1 2
2458873.4499500478 0.000061 0.038640 0.002018 1 2
2458873.4500110233 0.000061 0.042278 0.002059 1 2
2458873.4500719989 0.000061 0.038928 0.002228 1 2
2458873.4501330415 0.000061 0.044291 0.002980 1 2
2458873.4501940170 0.000061 0.040646 0.002131 1 2
2458873.4502550592 0.000061 0.038729 0.002315 1 2
2458873.4503160347 0.000061 0.039351 0.002228 1 2
2458873.4503770103 0.000061 0.035823 0.002665 1 2
2458873.4504380524 0.000061 0.034709 0.002256 1 2
2458873.4504990284 0.000061 0.039007 0.002027 1 2
2458873.4505600706 0.000061 0.037560 0.002036 1 2
2458873.4506210461 0.000061 0.037382 0.002275 1 2
2458873.4506820883 0.000061 0.040745 0.002262 1 2
2458873.4507430638 0.000061 0.040121 0.001981 1 2
2458873.4508040398 0.000061 0.041479 0.002279 1 2
2458873.4508650820 0.000061 0.036826 0.002838 1 2
2458873.4509260575 0.000061 0.039336 0.001925 1 2
2458873.4509861013 0.000061 0.037490 0.002195 1 2
2458873.4510470768 0.000061 0.041682 0.002852 1 2
2458873.4511081190 0.000061 0.034495 0.002126 1 2
2458873.4511690945 0.000061 0.035657 0.002014 1 2
2458873.4512300706 0.000061 0.035212 0.001999 1 2
2458873.4512911127 0.000061 0.034299 0.002131 1 2
2458873.4513520882 0.000061 0.037708 0.001893 1 2
2458873.4514131304 0.000061 0.039758 0.001931 1 2
2458873.4514741059 0.000061 0.037926 0.002005 1 2
2458873.4515350815 0.000061 0.037693 0.002001 1 2
2458873.4515961241 0.000061 0.036359 0.002022 1 2
2458873.4516570996 0.000061 0.040869 0.001901 1 2
2458873.4517181418 0.000061 0.039118 0.002293 1 2
2458873.4517791173 0.000061 0.037356 0.001931 1 2
2458873.4518401595 0.000061 0.036340 0.002022 1 2
2458873.4519011355 0.000061 0.035449 0.002068 1 2
2458873.4519621111 0.000061 0.037645 0.001986 1 2
2458873.4520231532 0.000061 0.040253 0.002007 1 2
2458873.4520841287 0.000061 0.041910 0.002144 1 2
2458873.4521451709 0.000061 0.035307 0.002030 1 2
2458873.4522051481 0.000061 0.033271 0.002016 1 2
2458873.4522661902 0.000061 0.035023 0.001996 1 2
2458873.4523271658 0.000061 0.036657 0.001811 1 2
2458873.4523881418 0.000061 0.034328 0.001913 1 2
2458873.4524491839 0.000061 0.034438 0.001906 1 2
2458873.4525101595 0.000061 0.040952 0.002110 1 2
2458873.4525712016 0.000061 0.034354 0.002256 1 2
2458873.4526321772 0.000061 0.038678 0.002107 1 2
2458873.4526932198 0.000061 0.037533 0.001942 1 2
2458873.4527541953 0.000061 0.040249 0.001843 1 2
2458873.4528151709 0.000061 0.038479 0.001808 1 2
2458873.4528762130 0.000061 0.037106 0.001787 1 2
2458873.4529371886 0.000061 0.038683 0.001766 1 2
2458873.4529982307 0.000061 0.043104 0.003440 1 2
2458873.4530592067 0.000061 0.039557 0.003050 1 2
2458873.4531201823 0.000061 0.037527 0.001876 1 2
2458873.4531812244 0.000061 0.039291 0.001920 1 2
2458873.4532422000 0.000061 0.039987 0.002499 1 2
2458873.4533032421 0.000061 0.036089 0.003034 1 2
2458873.4533632193 0.000061 0.039364 0.001908 1 2
2458873.4534242614 0.000061 0.035171 0.001932 1 2
2458873.4534852374 0.000061 0.041220 0.002024 1 2
2458873.4535462130 0.000061 0.036832 0.002761 1 2
2458873.4536072551 0.000061 0.035685 0.002388 1 2
2458873.4536682307 0.000061 0.038449 0.002165 1 2
2458873.4537292728 0.000061 0.040647 0.002053 1 2
2458873.4537902488 0.000061 0.040886 0.002323 1 2
2458873.4538512910 0.000061 0.034132 0.002189 1 2
2458873.4539122665 0.000061 0.037436 0.001961 1 2
2458873.4539732421 0.000061 0.035454 0.001768 1 2
2458873.4540342842 0.000061 0.036198 0.001900 1 2
2458873.4540952598 0.000061 0.036679 0.001889 1 2
2458873.4541563024 0.000061 0.041560 0.001871 1 2
2458873.4542172779 0.000061 0.043765 0.001927 1 2
2458873.4542782535 0.000061 0.035667 0.001802 1 2
2458873.4543392956 0.000061 0.037984 0.001968 1 2
2458873.4544002712 0.000061 0.034815 0.002277 1 2
2458873.4544613133 0.000061 0.033665 0.001976 1 2
2458873.4545212905 0.000061 0.039157 0.002400 1 2
2458873.4545823331 0.000061 0.031871 0.002474 1 2
2458873.4546433087 0.000061 0.033581 0.001956 1 2
2458873.4547042842 0.000061 0.030261 0.002004 1 2
2458873.4547653263 0.000061 0.034363 0.002667 1 2
2458873.4548263019 0.000061 0.036170 0.002261 1 2
2458873.4548873440 0.000061 0.033360 0.002005 1 2
2458873.4549483201 0.000061 0.031292 0.001963 1 2
2458873.4550093622 0.000061 0.033291 0.001976 1 2
2458873.4550703377 0.000061 0.037834 0.002019 1 2
2458873.4551313133 0.000061 0.031652 0.002157 1 2
2458873.4551923554 0.000061 0.030884 0.001976 1 2
2458873.4552533315 0.000061 0.033178 0.001979 1 2
2458873.4553143736 0.000061 0.029930 0.003061 1 2
2458873.4553753491 0.000061 0.035487 0.002321 1 2
2458873.4554363247 0.000061 0.034137 0.001833 1 2
2458873.4554973668 0.000061 0.035652 0.001756 1 2
2458873.4555583424 0.000061 0.031452 0.001777 1 2
2458873.4556193850 0.000061 0.034048 0.001946 1 2
2458873.4556803606 0.000061 0.035766 0.001994 1 2
2458873.4557404043 0.000061 0.043175 0.002060 1 2
2458873.4558013799 0.000061 0.040396 0.001867 1 2
2458873.4558623554 0.000061 0.037418 0.002670 1 2
2458873.4559233976 0.000061 0.034723 0.001981 1 2
2458873.4559843731 0.000061 0.036847 0.001847 1 2
2458873.4560454157 0.000061 0.031155 0.001775 1 2
2458873.4561063913 0.000061 0.035225 0.001898 1 2
2458873.4561674334 0.000061 0.034951 0.001899 1 2
2458873.4562284090 0.000061 0.038168 0.001876 1 2
2458873.4562893845 0.000061 0.034401 0.001758 1 2
2458873.4563504271 0.000061 0.033967 0.001840 1 2
2458873.4564114027 0.000061 0.032866 0.001833 1 2
2458873.4564724448 0.000061 0.033955 0.001778 1 2
2458873.4565334204 0.000061 0.033350 0.001780 1 2
2458873.4565944625 0.000061 0.035882 0.001886 1 2
2458873.4566554381 0.000061 0.032572 0.002076 1 2
2458873.4567164141 0.000061 0.034270 0.002117 1 2
2458873.4567774562 0.000061 0.031665 0.002885 1 2
2458873.4568384318 0.000061 0.032001 0.002161 1 2
2458873.4568984755 0.000061 0.035321 0.002035 1 2
2458873.4569594511 0.000061 0.036326 0.002635 1 2
2458873.4570204266 0.000061 0.035214 0.002376 1 2
2458873.4570814688 0.000061 0.032070 0.002333 1 2
2458873.4571424448 0.000061 0.036168 0.002482 1 2
2458873.4572034869 0.000061 0.033272 0.001952 1 2
2458873.4572644625 0.000061 0.040244 0.002115 1 2
2458873.4573255046 0.000061 0.035986 0.001965 1 2
2458873.4573864802 0.000061 0.037758 0.002412 1 2
2458873.4574474562 0.000061 0.034347 0.002278 1 2
2458873.4575084983 0.000061 0.034308 0.002170 1 2
2458873.4575694739 0.000061 0.034164 0.001973 1 2
2458873.4576305160 0.000061 0.035902 0.001924 1 2
2458873.4576914916 0.000061 0.035309 0.001984 1 2
2458873.4577525337 0.000061 0.029307 0.002088 1 2
2458873.4578135097 0.000061 0.032041 0.001814 1 2
2458873.4578744853 0.000061 0.031688 0.001916 1 2
2458873.4579355274 0.000061 0.035401 0.002040 1 2
2458873.4579965030 0.000061 0.033566 0.002070 1 2
2458873.4580575451 0.000061 0.030471 0.001970 1 2
2458873.4581175223 0.000061 0.035298 0.001937 1 2
2458873.4581784979 0.000061 0.034289 0.001971 1 2
2458873.4582395405 0.000061 0.034409 0.001954 1 2
2458873.4583005160 0.000061 0.035587 0.002043 1 2
2458873.4583615582 0.000061 0.030614 0.002199 1 2
2458873.4584225337 0.000061 0.031756 0.002482 1 2
2458873.4584835758 0.000061 0.036517 0.003245 1 2
2458873.4585445514 0.000061 0.027558 0.002625 1 2
2458873.4586055274 0.000061 0.037003 0.003186 1 2
2458873.4586665696 0.000061 0.030791 0.002030 1 2
2458873.4587275451 0.000061 0.036535 0.001978 1 2
2458873.4587885872 0.000061 0.032933 0.002075 1 2
2458873.4588495628 0.000061 0.030824 0.001841 1 2
2458873.4589106049 0.000061 0.037230 0.001956 1 2
2458873.4589715810 0.000061 0.033796 0.001831 1 2
2458873.4590325565 0.000061 0.032915 0.001948 1 2
2458873.4590935986 0.000061 0.030935 0.001933 1 2
2458873.4591545742 0.000061 0.034070 0.002073 1 2
2458873.4592156163 0.000061 0.033129 0.002029 1 2
2458873.4592755935 0.000061 0.035605 0.001943 1 2
2458873.4593365695 0.000061 0.031146 0.002025 1 2
2458873.4593976117 0.000061 0.033335 0.002015 1 2
2458873.4594585872 0.000061 0.031035 0.003011 1 2
2458873.4595196294 0.000061 0.026244 0.002454 1 2
2458873.4595806049 0.000061 0.030432 0.001990 1 2
2458873.4596416471 0.000061 0.032318 0.002662 1 2
2458873.4597026231 0.000061 0.040283 0.002172 1 2
2458873.4597635986 0.000061 0.032996 0.001981 1 2
2458873.4598246408 0.000061 0.033066 0.001995 1 2
2458873.4598856163 0.000061 0.029817 0.001836 1 2
2458873.4599466585 0.000061 0.034577 0.002044 1 2
2458873.4600076340 0.000061 0.034626 0.002003 1 2
2458873.4600686766 0.000061 0.029116 0.001930 1 2
2458873.4601296522 0.000061 0.036805 0.001875 1 2
2458873.4601906277 0.000061 0.033672 0.002022 1 2
2458873.4602516699 0.000061 0.037263 0.002160 1 2
2458873.4603126454 0.000061 0.036694 0.001816 1 2
2458873.4603736880 0.000061 0.036445 0.001967 1 2
2458873.4604336647 0.000061 0.033186 0.002117 1 2
2458873.4604947073 0.000061 0.033066 0.002066 1 2
2458873.4605556829 0.000061 0.038063 0.002054 1 2
2458873.4606166584 0.000061 0.036518 0.002165 1 2
2458873.4606777006 0.000061 0.030253 0.002739 1 2
2458873.4607386761 0.000061 0.031859 0.003615 1 2
2458873.4607997187 0.000061 0.031013 0.002341 1 2
2458873.4608606943 0.000061 0.032342 0.002133 1 2
2458873.4609216698 0.000061 0.034531 0.002042 1 2
2458873.4609827120 0.000061 0.036283 0.001940 1 2
2458873.4610436875 0.000061 0.034244 0.001913 1 2
2458873.4611047297 0.000061 0.031963 0.002035 1 2
2458873.4611657057 0.000061 0.027845 0.002529 1 2
2458873.4612267478 0.000061 0.034856 0.002511 1 2
2458873.4612877234 0.000061 0.029000 0.002749 1 2
2458873.4613486989 0.000061 0.033159 0.002353 1 2
2458873.4614097411 0.000061 0.035399 0.002202 1 2
2458873.4614707171 0.000061 0.033716 0.001927 1 2
2458873.4615317592 0.000061 0.033595 0.002002 1 2
2458873.4615927348 0.000061 0.035157 0.001888 1 2
2458873.4616527786 0.000061 0.036495 0.002126 1 2
2458873.4617137541 0.000061 0.030692 0.001964 1 2
2458873.4617747297 0.000061 0.033163 0.002250 1 2
2458873.4618357718 0.000061 0.030194 0.002232 1 2
2458873.4618967478 0.000061 0.029391 0.002395 1 2
2458873.4619577900 0.000061 0.027943 0.002079 1 2
2458873.4620187655 0.000061 0.032926 0.002518 1 2
2458873.4620797411 0.000061 0.031759 0.004085 1 2
2458873.4621407832 0.000061 0.030067 0.002196 1 2
2458873.4622017588 0.000061 0.032459 0.002129 1 2
2458873.4622628014 0.000061 0.034645 0.002039 1 2
2458873.4623237769 0.000061 0.032600 0.002549 1 2
2458873.4623848191 0.000061 0.027777 0.003248 1 2
2458873.4624457946 0.000061 0.027970 0.002716 1 2
2458873.4625067702 0.000061 0.034186 0.002508 1 2
2458873.4625678123 0.000061 0.030748 0.002763 1 2
2458873.4626287883 0.000061 0.033957 0.002551 1 2
2458873.4626898305 0.000061 0.030487 0.002446 1 2
2458873.4627508060 0.000061 0.034178 0.002463 1 2
2458873.4628108498 0.000061 0.035245 0.002305 1 2
2458873.4628718253 0.000061 0.033094 0.002259 1 2
2458873.4629328009 0.000061 0.031482 0.002275 1 2
2458873.4629938430 0.000061 0.032319 0.002459 1 2
2458873.4630548190 0.000061 0.036753 0.002718 1 2
2458873.4631158612 0.000061 0.031438 0.002271 1 2
2458873.4631768367 0.000061 0.034166 0.002378 1 2
2458873.4632378789 0.000061 0.033310 0.002215 1 2
2458873.4632988544 0.000061 0.033137 0.002432 1 2
2458873.4633598304 0.000061 0.028326 0.002405 1 2
2458873.4634208726 0.000061 0.031402 0.002444 1 2
2458873.4634818481 0.000061 0.032443 0.002669 1 2
2458873.4635428903 0.000061 0.029833 0.002434 1 2
2458873.4636038658 0.000061 0.028306 0.002448 1 2
2458873.4636648414 0.000061 0.031604 0.002487 1 2
2458873.4637258840 0.000061 0.030297 0.002755 1 2
2458873.4637868595 0.000061 0.029219 0.002408 1 2
2458873.4638479017 0.000061 0.031153 0.002165 1 2
2458873.4639088772 0.000061 0.033546 0.002383 1 2
2458873.4639699194 0.000061 0.035160 0.002718 1 2
2458873.4640298965 0.000061 0.030448 0.002276 1 2
2458873.4640908721 0.000061 0.032334 0.003653 1 2
2458873.4641519147 0.000061 0.035262 0.002916 1 2
2458873.4642128902 0.000061 0.031665 0.002299 1 2
2458873.4642739324 0.000061 0.035399 0.002560 1 2
2458873.4643349079 0.000061 0.023577 0.002753 1 2
2458873.4643959501 0.000061 0.027550 0.003393 1 2
2458873.4644569256 0.000061 0.031579 0.002840 1 2
2458873.4645179017 0.000061 0.033452 0.002674 1 2
2458873.4645789438 0.000061 0.026773 0.003992 1 2
2458873.4646399193 0.000061 0.037966 0.002898 1 2
2458873.4647009615 0.000061 0.035024 0.002610 1 2
2458873.4647619370 0.000061 0.033269 0.002505 1 2
2458873.4648229131 0.000061 0.030349 0.002256 1 2
2458873.4648839552 0.000061 0.032713 0.002307 1 2
2458873.4649449307 0.000061 0.031197 0.002248 1 2
2458873.4650059729 0.000061 0.029302 0.002330 1 2
2458873.4650669484 0.000061 0.033823 0.002334 1 2
2458873.4651279906 0.000061 0.033781 0.002245 1 2
2458873.4651879678 0.000061 0.030665 0.002197 1 2
2458873.4652489438 0.000061 0.035767 0.002446 1 2
2458873.4653099859 0.000061 0.031129 0.003253 1 2
2458873.4653709615 0.000061 0.026937 0.002737 1 2
2458873.4654320036 0.000061 0.028960 0.002743 1 2
2458873.4654929792 0.000061 0.033107 0.002455 1 2
2458873.4655540213 0.000061 0.030019 0.002196 1 2
2458873.4656149973 0.000061 0.027146 0.002854 1 2
2458873.4656759729 0.000061 0.038115 0.002932 1 2
2458873.4657370150 0.000061 0.030942 0.002316 1 2
2458873.4657979906 0.000061 0.034047 0.002497 1 2
2458873.4658590327 0.000061 0.029601 0.002341 1 2
2458873.4659200087 0.000061 0.034351 0.002416 1 2
2458873.4659809843 0.000061 0.035557 0.002401 1 2
2458873.4660420264 0.000061 0.034387 0.002774 1 2
2458873.4661030020 0.000061 0.036972 0.002829 1 2
2458873.4661640441 0.000061 0.034276 0.002409 1 2
2458873.4662250197 0.000061 0.029926 0.002914 1 2
2458873.4662860623 0.000061 0.034930 0.002364 1 2
2458873.4663470378 0.000061 0.035803 0.002323 1 2
2458873.4664070150 0.000061 0.021539 0.005650 1 2
2458873.4664680571 0.000061 0.032446 0.002669 1 2
2458873.4665290327 0.000061 0.030370 0.002780 1 2
2458873.4665900748 0.000061 0.032314 0.003528 1 2
2458873.4666510504 0.000061 0.037498 0.003019 1 2
2458873.4667120930 0.000061 0.033788 0.003636 1 2
2458873.4667730685 0.000061 0.024842 0.003174 1 2
2458873.4668340441 0.000061 0.030511 0.002715 1 2
2458873.4668950862 0.000061 0.036783 0.002775 1 2
2458873.4669560618 0.000061 0.035217 0.002910 1 2
2458873.4670171039 0.000061 0.029921 0.002543 1 2
2458873.4670780799 0.000061 0.035119 0.002523 1 2
2458873.4671391221 0.000061 0.037241 0.002671 1 2
2458873.4672000976 0.000061 0.035007 0.002538 1 2
2458873.4672610732 0.000061 0.036777 0.004517 1 2
2458873.4673221153 0.000061 0.035517 0.002923 1 2
2458873.4673830913 0.000061 0.035717 0.002520 1 2
2458873.4674441335 0.000061 0.034850 0.002466 1 2
2458873.4675051090 0.000061 0.031715 0.002500 1 2
2458873.4675650862 0.000061 0.038564 0.002546 1 2
2458873.4676261283 0.000061 0.037521 0.003501 1 2
2458873.4676871039 0.000061 0.039160 0.003156 1 2
2458873.4677481460 0.000061 0.036278 0.002804 1 2
2458873.4678091221 0.000061 0.028907 0.002393 1 2
2458873.4678701642 0.000061 0.035546 0.003067 1 2
2458873.4679311397 0.000061 0.035967 0.003295 1 2
2458873.4679921153 0.000061 0.041228 0.012376 1 2
2458873.4680531574 0.000061 0.033323 0.003375 1 2
2458873.4681141330 0.000061 0.035520 0.004232 1 2
2458873.4681751756 0.000061 0.034627 0.002577 1 2
2458873.4682361512 0.000061 0.034182 0.003184 1 2
2458873.4682971933 0.000061 0.027712 0.003830 1 2
2458873.4683581688 0.000061 0.031330 0.003264 1 2
2458873.4684191444 0.000061 0.032456 0.002971 1 2
2458873.4684801870 0.000061 0.034831 0.002502 1 2
2458873.4685411626 0.000061 0.036722 0.002529 1 2
2458873.4686022047 0.000061 0.034878 0.002964 1 2
2458873.4686631802 0.000061 0.039019 0.003026 1 2
2458873.4687231574 0.000061 0.036395 0.003678 1 2
2458873.4687841996 0.000061 0.032547 0.002711 1 2
2458873.4688451751 0.000061 0.037220 0.002538 1 2
2458873.4689062177 0.000061 0.035310 0.002560 1 2
2458873.4689671933 0.000061 0.033277 0.002675 1 2
2458873.4690282354 0.000061 0.034595 0.002901 1 2
2458873.4690892110 0.000061 0.029831 0.002708 1 2
2458873.4691501865 0.000061 0.036056 0.005001 1 2
2458873.4692112287 0.000061 0.038387 0.003080 1 2
2458873.4692722047 0.000061 0.031084 0.002389 1 2
2458873.4693332468 0.000061 0.032261 0.003015 1 2
2458873.4693942224 0.000061 0.037049 0.002851 1 2
2458873.4694552645 0.000061 0.037170 0.003166 1 2
2458873.4695162401 0.000061 0.036013 0.003109 1 2
2458873.4695772161 0.000061 0.031571 0.002729 1 2
2458873.4696382582 0.000061 0.027413 0.002610 1 2
2458873.4696992338 0.000061 0.037207 0.002913 1 2
2458873.4697602759 0.000061 0.035185 0.002895 1 2
2458873.4698212515 0.000061 0.035070 0.002844 1 2
2458873.4698822936 0.000061 0.036687 0.002847 1 2
2458873.4699422708 0.000061 0.029184 0.004459 1 2
2458873.4700032463 0.000061 0.028990 0.004025 1 2
2458873.4700642889 0.000061 0.033118 0.003547 1 2
2458873.4701252645 0.000061 0.028444 0.003034 1 2
2458873.4701863066 0.000061 0.031144 0.003106 1 2
2458873.4702472822 0.000061 0.031108 0.003033 1 2
2458873.4703082577 0.000061 0.025559 0.004271 1 2
2458873.4703693003 0.000061 0.034369 0.004267 1 2
2458873.4704302759 0.000061 0.030164 0.004077 1 2
2458873.4704913180 0.000061 0.017816 0.010409 1 2
2458873.4705522936 0.000061 0.038037 0.004449 1 2
2458873.4706133357 0.000061 0.031671 0.003734 1 2
2458873.4706743113 0.000061 0.030185 0.003895 1 2
2458873.4707352873 0.000061 0.032265 0.005018 1 2
2458873.4707963294 0.000061 0.028670 0.004333 1 2
2458873.4708573050 0.000061 0.028671 0.007298 1 2
2458873.4709183471 0.000061 0.033143 0.004153 1 2
2458873.4709793227 0.000061 0.027415 0.004209 1 2
2458873.4710403653 0.000061 0.038891 0.005261 1 2
2458873.4711003420 0.000061 0.032908 0.003974 1 2
2458873.4711613180 0.000061 0.032552 0.004872 1 2
2458873.4712223602 0.000061 0.023774 0.006617 1 2
